1341836537.6557 1.0000 0.0000 0.0000 0.0000 0.0000 1.0000 0.0000 0.0000 0.0000 0.0000 1.0000 0.0000
1341836537.6874 1.0000 -0.0001 -0.0006 0.0000 0.0001 1.0000 -0.0006 0.0004 0.0006 0.0006 1.0000 -0.0001
1341836537.7236 1.0000 0.0000 -0.0030 0.0007 -0.0000 1.0000 0.0013 0.0003 0.0030 -0.0013 1.0000 -0.0002
1341836537.7555 1.0000 0.0001 -0.0024 0.0010 -0.0001 1.0000 -0.0003 0.0009 0.0024 0.0003 1.0000 -0.0006
1341836537.7874 1.0000 -0.0015 -0.0011 0.0011 0.0015 1.0000 0.0014 0.0009 0.0011 -0.0014 1.0000 -0.0007
1341836537.8234 1.0000 -0.0007 -0.0010 0.0011 0.0007 1.0000 0.0025 0.0009 0.0010 -0.0025 1.0000 -0.0008
1341836537.8554 1.0000 0.0008 -0.0025 0.0015 -0.0008 1.0000 0.0027 0.0010 0.0025 -0.0027 1.0000 -0.0009
1341836537.8876 1.0000 0.0039 -0.0038 0.0024 -0.0039 1.0000 0.0079 -0.0002 0.0038 -0.0079 1.0000 -0.0015
1341836537.9235 1.0000 0.0025 -0.0065 0.0035 -0.0024 0.9999 0.0150 -0.0020 0.0065 -0.0149 0.9999 -0.0016
1341836537.9556 1.0000 -0.0026 -0.0011 0.0030 0.0026 0.9999 0.0148 -0.0022 0.0011 -0.0148 0.9999 -0.0019
1341836537.9875 1.0000 -0.0043 0.0041 0.0024 0.0042 0.9998 0.0170 -0.0026 -0.0041 -0.0170 0.9998 -0.0020
1341836538.0233 1.0000 -0.0046 -0.0085 0.0061 0.0047 0.9999 0.0146 -0.0018 0.0085 -0.0146 0.9999 -0.0011
1341836538.0555 0.9999 -0.0075 -0.0069 0.0061 0.0076 0.9999 0.0152 -0.0018 0.0068 -0.0152 0.9999 -0.0011
1341836538.0876 0.9999 -0.0073 -0.0084 0.0056 0.0074 0.9999 0.0137 -0.0016 0.0083 -0.0138 0.9999 -0.0014
1341836538.1233 0.9999 -0.0041 -0.0149 0.0066 0.0043 0.9999 0.0136 -0.0015 0.0148 -0.0136 0.9998 -0.0014
1341836538.1553 0.9999 -0.0033 -0.0134 0.0067 0.0035 0.9999 0.0130 -0.0016 0.0134 -0.0130 0.9998 -0.0015
1341836538.1915 0.9999 -0.0036 -0.0096 0.0055 0.0037 0.9999 0.0131 -0.0019 0.0096 -0.0132 0.9999 -0.0018
1341836538.2234 0.9999 -0.0046 -0.0101 0.0053 0.0048 0.9999 0.0155 -0.0023 0.0101 -0.0156 0.9998 -0.0020
1341836538.2556 0.9999 -0.0071 -0.0089 0.0053 0.0072 0.9999 0.0141 -0.0023 0.0088 -0.0142 0.9999 -0.0021
1341836538.2917 1.0000 -0.0054 -0.0039 0.0040 0.0054 0.9999 0.0123 -0.0022 0.0039 -0.0123 0.9999 -0.0023
1341836538.3233 1.0000 -0.0065 -0.0019 0.0033 0.0065 0.9999 0.0158 -0.0029 0.0018 -0.0158 0.9999 -0.0025
1341836538.3554 1.0000 -0.0077 -0.0013 0.0029 0.0078 0.9998 0.0203 -0.0042 0.0011 -0.0203 0.9998 -0.0027
1341836538.3913 0.9999 -0.0097 -0.0026 0.0029 0.0098 0.9998 0.0198 -0.0042 0.0024 -0.0198 0.9998 -0.0027
1341836538.4235 0.9999 -0.0122 -0.0010 0.0028 0.0122 0.9998 0.0169 -0.0033 0.0008 -0.0169 0.9999 -0.0031
1341836538.4562 0.9999 -0.0133 0.0020 0.0019 0.0133 0.9996 0.0230 -0.0043 -0.0023 -0.0229 0.9997 -0.0032
1341836538.4914 0.9998 -0.0106 0.0164 -0.0015 0.0102 0.9997 0.0229 -0.0043 -0.0166 -0.0227 0.9996 -0.0040
1341836538.5234 0.9998 -0.0109 0.0169 -0.0015 0.0105 0.9996 0.0246 -0.0046 -0.0171 -0.0244 0.9996 -0.0042
1341836538.5564 0.9998 -0.0099 0.0200 -0.0028 0.0093 0.9996 0.0254 -0.0047 -0.0202 -0.0252 0.9995 -0.0042
1341836538.5915 0.9998 -0.0076 0.0179 -0.0030 0.0070 0.9995 0.0296 -0.0057 -0.0181 -0.0295 0.9994 -0.0040
1341836538.6234 0.9998 -0.0072 0.0181 -0.0030 0.0067 0.9995 0.0314 -0.0063 -0.0184 -0.0312 0.9993 -0.0044
1341836538.6592 0.9997 -0.0100 0.0210 -0.0036 0.0093 0.9994 0.0330 -0.0065 -0.0213 -0.0328 0.9992 -0.0049
1341836538.6914 0.9997 -0.0118 0.0215 -0.0040 0.0110 0.9992 0.0385 -0.0076 -0.0220 -0.0382 0.9990 -0.0051
1341836538.7234 0.9997 -0.0117 0.0224 -0.0040 0.0108 0.9992 0.0394 -0.0076 -0.0228 -0.0391 0.9990 -0.0051
1341836538.7594 0.9997 -0.0238 0.0076 -0.0003 0.0235 0.9991 0.0359 -0.0064 -0.0084 -0.0357 0.9993 -0.0044
1341836538.7917 0.9996 -0.0259 0.0106 -0.0013 0.0255 0.9990 0.0381 -0.0069 -0.0116 -0.0378 0.9992 -0.0045
1341836538.8242 0.9996 -0.0259 0.0091 -0.0015 0.0255 0.9989 0.0396 -0.0071 -0.0101 -0.0394 0.9992 -0.0045
1341836538.8596 0.9997 -0.0239 0.0097 -0.0015 0.0235 0.9988 0.0419 -0.0071 -0.0107 -0.0417 0.9991 -0.0046
1341836538.8913 0.9995 -0.0268 0.0184 -0.0039 0.0259 0.9985 0.0476 -0.0081 -0.0196 -0.0471 0.9987 -0.0049
1341836538.9244 0.9996 -0.0271 0.0114 -0.0048 0.0266 0.9986 0.0461 -0.0079 -0.0126 -0.0457 0.9989 -0.0048
1341836538.9593 0.9993 -0.0265 0.0258 -0.0076 0.0253 0.9987 0.0448 -0.0078 -0.0269 -0.0441 0.9987 -0.0045
1341836538.9923 0.9985 -0.0285 0.0474 -0.0104 0.0264 0.9987 0.0447 -0.0077 -0.0486 -0.0434 0.9979 -0.0041
1341836539.0287 0.9977 -0.0328 0.0594 -0.0128 0.0300 0.9984 0.0484 -0.0086 -0.0609 -0.0465 0.9971 -0.0035
1341836539.0595 0.9978 -0.0312 0.0585 -0.0128 0.0286 0.9985 0.0460 -0.0086 -0.0598 -0.0443 0.9972 -0.0035
1341836539.0923 0.9981 -0.0326 0.0520 -0.0110 0.0303 0.9985 0.0446 -0.0086 -0.0534 -0.0429 0.9977 -0.0030
1341836539.1272 0.9980 -0.0329 0.0536 -0.0116 0.0306 0.9985 0.0449 -0.0090 -0.0550 -0.0432 0.9976 -0.0028
1341836539.1596 0.9982 -0.0295 0.0517 -0.0130 0.0272 0.9986 0.0460 -0.0093 -0.0530 -0.0446 0.9976 -0.0027
1341836539.1954 0.9990 -0.0296 0.0340 -0.0107 0.0279 0.9984 0.0490 -0.0100 -0.0354 -0.0480 0.9982 -0.0038
1341836539.2275 0.9992 -0.0224 0.0339 -0.0106 0.0207 0.9985 0.0502 -0.0099 -0.0350 -0.0494 0.9982 -0.0039
1341836539.2604 0.9989 -0.0256 0.0389 -0.0117 0.0239 0.9987 0.0443 -0.0081 -0.0400 -0.0433 0.9983 -0.0042
1341836539.2955 0.9986 -0.0292 0.0434 -0.0136 0.0274 0.9988 0.0404 -0.0067 -0.0445 -0.0391 0.9982 -0.0039
1341836539.3274 0.9986 -0.0298 0.0430 -0.0136 0.0281 0.9988 0.0404 -0.0067 -0.0441 -0.0392 0.9983 -0.0038
1341836539.3634 0.9986 -0.0283 0.0444 -0.0139 0.0265 0.9988 0.0404 -0.0067 -0.0455 -0.0392 0.9982 -0.0038
1341836539.3955 0.9985 -0.0291 0.0473 -0.0150 0.0273 0.9988 0.0397 -0.0063 -0.0484 -0.0384 0.9981 -0.0037
1341836539.4274 0.9986 -0.0281 0.0454 -0.0154 0.0262 0.9988 0.0426 -0.0068 -0.0465 -0.0413 0.9981 -0.0034
1341836539.4634 0.9987 -0.0265 0.0441 -0.0149 0.0246 0.9988 0.0435 -0.0068 -0.0452 -0.0424 0.9981 -0.0035
1341836539.4955 0.9985 -0.0267 0.0477 -0.0154 0.0246 0.9987 0.0449 -0.0071 -0.0489 -0.0437 0.9978 -0.0033
1341836539.5314 0.9983 -0.0273 0.0521 -0.0170 0.0250 0.9987 0.0447 -0.0070 -0.0533 -0.0433 0.9976 -0.0034
1341836539.5634 0.9983 -0.0277 0.0506 -0.0168 0.0254 0.9986 0.0458 -0.0071 -0.0518 -0.0444 0.9977 -0.0031
1341836539.5955 0.9983 -0.0271 0.0518 -0.0168 0.0248 0.9987 0.0451 -0.0071 -0.0529 -0.0437 0.9976 -0.0032
1341836539.6284 0.9984 -0.0261 0.0507 -0.0168 0.0238 0.9987 0.0441 -0.0071 -0.0517 -0.0428 0.9977 -0.0031
1341836539.6604 0.9982 -0.0282 0.0528 -0.0177 0.0258 0.9986 0.0455 -0.0075 -0.0541 -0.0441 0.9976 -0.0032
1341836539.6925 0.9982 -0.0268 0.0530 -0.0181 0.0243 0.9986 0.0474 -0.0080 -0.0542 -0.0460 0.9975 -0.0031
1341836539.7285 0.9983 -0.0241 0.0523 -0.0176 0.0217 0.9987 0.0465 -0.0079 -0.0533 -0.0453 0.9976 -0.0033
1341836539.7604 0.9982 -0.0236 0.0558 -0.0182 0.0211 0.9987 0.0456 -0.0076 -0.0568 -0.0443 0.9974 -0.0033
1341836539.7965 0.9982 -0.0243 0.0551 -0.0182 0.0218 0.9987 0.0461 -0.0076 -0.0562 -0.0448 0.9974 -0.0034
1341836539.8286 0.9982 -0.0239 0.0544 -0.0179 0.0213 0.9987 0.0473 -0.0076 -0.0554 -0.0461 0.9974 -0.0034
1341836539.8604 0.9982 -0.0221 0.0556 -0.0179 0.0195 0.9987 0.0477 -0.0077 -0.0566 -0.0465 0.9973 -0.0033
1341836539.8965 0.9980 -0.0218 0.0590 -0.0185 0.0192 0.9988 0.0443 -0.0072 -0.0599 -0.0431 0.9973 -0.0035
1341836539.9283 0.9981 -0.0220 0.0579 -0.0185 0.0195 0.9988 0.0439 -0.0071 -0.0588 -0.0427 0.9974 -0.0035
1341836539.9674 0.9981 -0.0237 0.0565 -0.0185 0.0212 0.9988 0.0433 -0.0071 -0.0574 -0.0420 0.9975 -0.0036
1341836539.9963 0.9980 -0.0241 0.0589 -0.0192 0.0214 0.9987 0.0461 -0.0077 -0.0600 -0.0448 0.9972 -0.0036
1341836540.0285 0.9978 -0.0240 0.0621 -0.0203 0.0211 0.9987 0.0469 -0.0079 -0.0632 -0.0454 0.9970 -0.0035
1341836540.0643 0.9978 -0.0243 0.0611 -0.0204 0.0215 0.9987 0.0456 -0.0074 -0.0621 -0.0442 0.9971 -0.0033
1341836540.0967 0.9977 -0.0244 0.0625 -0.0210 0.0214 0.9986 0.0480 -0.0077 -0.0636 -0.0466 0.9969 -0.0033
1341836540.1283 0.9978 -0.0242 0.0623 -0.0215 0.0210 0.9985 0.0510 -0.0080 -0.0634 -0.0496 0.9968 -0.0030
1341836540.1647 0.9979 -0.0222 0.0609 -0.0216 0.0190 0.9984 0.0523 -0.0080 -0.0619 -0.0511 0.9968 -0.0031
1341836540.1964 0.9972 -0.0247 0.0699 -0.0234 0.0216 0.9987 0.0458 -0.0064 -0.0709 -0.0442 0.9965 -0.0032
1341836540.2324 0.9968 -0.0295 0.0737 -0.0244 0.0262 0.9986 0.0452 -0.0061 -0.0749 -0.0431 0.9963 -0.0033
1341836540.2643 0.9958 -0.0322 0.0853 -0.0276 0.0289 0.9988 0.0404 -0.0045 -0.0865 -0.0377 0.9955 -0.0039
1341836540.2965 0.9956 -0.0321 0.0883 -0.0283 0.0279 0.9984 0.0484 -0.0065 -0.0897 -0.0458 0.9949 -0.0034
1341836540.3324 0.9946 -0.0335 0.0980 -0.0308 0.0285 0.9982 0.0524 -0.0078 -0.0996 -0.0493 0.9938 -0.0030
1341836540.3645 0.9940 -0.0354 0.1031 -0.0334 0.0303 0.9982 0.0514 -0.0077 -0.1048 -0.0479 0.9933 -0.0027
1341836540.3966 0.9944 -0.0335 0.1002 -0.0335 0.0284 0.9983 0.0515 -0.0077 -0.1017 -0.0483 0.9936 -0.0020
1341836540.4326 0.9935 -0.0295 0.1095 -0.0361 0.0225 0.9976 0.0648 -0.0108 -0.1112 -0.0620 0.9919 -0.0013
1341836540.4643 0.9939 -0.0271 0.1069 -0.0370 0.0205 0.9978 0.0625 -0.0105 -0.1084 -0.0600 0.9923 -0.0011
1341836540.5005 0.9952 -0.0251 0.0950 -0.0357 0.0189 0.9976 0.0659 -0.0112 -0.0964 -0.0638 0.9933 -0.0020
1341836540.5328 0.9954 -0.0202 0.0937 -0.0356 0.0135 0.9973 0.0726 -0.0122 -0.0949 -0.0710 0.9930 -0.0019
1341836540.5645 0.9955 -0.0199 0.0931 -0.0355 0.0130 0.9972 0.0743 -0.0123 -0.0943 -0.0727 0.9929 -0.0021
1341836540.6004 0.9953 -0.0206 0.0944 -0.0360 0.0134 0.9970 0.0767 -0.0127 -0.0957 -0.0751 0.9926 -0.0020
1341836540.6324 0.9955 -0.0206 0.0926 -0.0355 0.0134 0.9969 0.0770 -0.0125 -0.0939 -0.0754 0.9927 -0.0020
1341836540.6644 0.9967 -0.0213 0.0781 -0.0320 0.0155 0.9972 0.0730 -0.0115 -0.0794 -0.0715 0.9943 -0.0022
1341836540.7004 0.9965 -0.0213 0.0808 -0.0326 0.0153 0.9972 0.0734 -0.0115 -0.0822 -0.0719 0.9940 -0.0024
1341836540.7324 0.9962 -0.0212 0.0841 -0.0340 0.0151 0.9973 0.0720 -0.0110 -0.0854 -0.0704 0.9939 -0.0019
1341836540.7683 0.9964 -0.0204 0.0820 -0.0335 0.0145 0.9973 0.0722 -0.0108 -0.0832 -0.0708 0.9940 -0.0018
1341836540.8003 0.9963 -0.0214 0.0828 -0.0334 0.0154 0.9973 0.0720 -0.0106 -0.0841 -0.0705 0.9940 -0.0021
1341836540.8323 0.9963 -0.0217 0.0836 -0.0345 0.0158 0.9974 0.0705 -0.0104 -0.0849 -0.0689 0.9940 -0.0021
1341836540.8684 0.9965 -0.0187 0.0811 -0.0345 0.0131 0.9975 0.0688 -0.0101 -0.0822 -0.0675 0.9943 -0.0018
1341836540.9003 0.9964 -0.0136 0.0842 -0.0351 0.0083 0.9980 0.0630 -0.0088 -0.0849 -0.0621 0.9945 -0.0021
1341836540.9323 0.9964 -0.0127 0.0843 -0.0352 0.0074 0.9980 0.0633 -0.0088 -0.0849 -0.0624 0.9944 -0.0022
1341836540.9683 0.9962 -0.0151 0.0856 -0.0355 0.0095 0.9978 0.0655 -0.0090 -0.0864 -0.0644 0.9942 -0.0023
1341836541.0003 0.9962 -0.0125 0.0866 -0.0359 0.0077 0.9984 0.0553 -0.0073 -0.0871 -0.0544 0.9947 -0.0030
1341836541.0362 0.9960 -0.0118 0.0887 -0.0367 0.0071 0.9986 0.0533 -0.0072 -0.0892 -0.0525 0.9946 -0.0033
1341836541.0714 0.9958 -0.0112 0.0908 -0.0374 0.0064 0.9986 0.0534 -0.0074 -0.0913 -0.0526 0.9944 -0.0033
1341836541.1034 0.9958 -0.0134 0.0901 -0.0372 0.0084 0.9985 0.0549 -0.0079 -0.0907 -0.0539 0.9944 -0.0038
1341836541.1392 0.9959 -0.0124 0.0897 -0.0372 0.0073 0.9984 0.0562 -0.0079 -0.0902 -0.0553 0.9944 -0.0039
1341836541.1713 0.9959 -0.0126 0.0894 -0.0369 0.0075 0.9983 0.0577 -0.0080 -0.0900 -0.0568 0.9943 -0.0042
1341836541.2044 0.9959 -0.0142 0.0890 -0.0369 0.0092 0.9983 0.0570 -0.0080 -0.0896 -0.0560 0.9944 -0.0041
1341836541.2393 0.9960 -0.0158 0.0883 -0.0370 0.0107 0.9983 0.0579 -0.0081 -0.0890 -0.0568 0.9944 -0.0043
1341836541.2714 0.9957 -0.0144 0.0912 -0.0377 0.0088 0.9981 0.0614 -0.0085 -0.0920 -0.0604 0.9939 -0.0042
1341836541.3043 0.9951 -0.0130 0.0976 -0.0390 0.0078 0.9985 0.0538 -0.0068 -0.0981 -0.0528 0.9938 -0.0047
1341836541.3394 0.9951 -0.0111 0.0987 -0.0394 0.0060 0.9986 0.0524 -0.0061 -0.0991 -0.0515 0.9937 -0.0051
1341836541.3713 0.9948 -0.0129 0.1005 -0.0397 0.0077 0.9986 0.0520 -0.0057 -0.1011 -0.0509 0.9936 -0.0055
1341836541.4072 0.9948 -0.0137 0.1006 -0.0397 0.0083 0.9985 0.0537 -0.0056 -0.1012 -0.0526 0.9935 -0.0056
1341836541.4393 0.9946 -0.0119 0.1030 -0.0405 0.0060 0.9983 0.0574 -0.0062 -0.1036 -0.0564 0.9930 -0.0059
1341836541.4723 0.9943 -0.0097 0.1058 -0.0413 0.0033 0.9982 0.0605 -0.0068 -0.1062 -0.0598 0.9925 -0.0062
1341836541.5075 0.9941 -0.0095 0.1084 -0.0420 0.0026 0.9980 0.0637 -0.0072 -0.1088 -0.0630 0.9921 -0.0065
1341836541.5363 0.9927 -0.0072 0.1202 -0.0446 0.0012 0.9988 0.0498 -0.0041 -0.1204 -0.0493 0.9915 -0.0074
1341836541.5724 0.9909 -0.0072 0.1346 -0.0477 0.0017 0.9992 0.0408 -0.0019 -0.1347 -0.0402 0.9901 -0.0079
1341836541.6044 0.9908 -0.0083 0.1349 -0.0477 0.0027 0.9991 0.0417 -0.0019 -0.1351 -0.0409 0.9900 -0.0081
1341836541.6363 0.9908 -0.0100 0.1350 -0.0477 0.0043 0.9991 0.0427 -0.0019 -0.1353 -0.0417 0.9899 -0.0080
1341836541.7076 0.9898 -0.0097 0.1424 -0.0493 0.0039 0.9991 0.0411 -0.0014 -0.1427 -0.0401 0.9890 -0.0092
1341836541.7406 0.9897 -0.0090 0.1430 -0.0495 0.0033 0.9992 0.0398 -0.0011 -0.1432 -0.0389 0.9889 -0.0096
1341836541.7723 0.9894 -0.0087 0.1447 -0.0510 0.0012 0.9986 0.0521 -0.0035 -0.1450 -0.0514 0.9881 -0.0104
1341836541.8044 0.9903 -0.0073 0.1386 -0.0509 0.0002 0.9987 0.0514 -0.0035 -0.1388 -0.0509 0.9890 -0.0106
1341836541.8403 0.9904 -0.0052 0.1380 -0.0513 -0.0021 0.9986 0.0527 -0.0036 -0.1381 -0.0525 0.9890 -0.0114
1341836541.8725 0.9884 -0.0025 0.1518 -0.0544 -0.0048 0.9989 0.0475 -0.0022 -0.1517 -0.0476 0.9873 -0.0114
1341836541.9044 0.9882 -0.0023 0.1530 -0.0547 -0.0068 0.9983 0.0587 -0.0052 -0.1529 -0.0590 0.9865 -0.0113
1341836541.9404 0.9874 -0.0020 0.1581 -0.0561 -0.0076 0.9981 0.0603 -0.0066 -0.1579 -0.0608 0.9856 -0.0112
1341836541.9723 0.9867 -0.0011 0.1626 -0.0575 -0.0088 0.9982 0.0600 -0.0068 -0.1624 -0.0606 0.9849 -0.0114
1341836542.0084 0.9863 -0.0023 0.1652 -0.0589 -0.0077 0.9982 0.0599 -0.0070 -0.1651 -0.0604 0.9844 -0.0114
1341836542.0406 0.9866 0.0005 0.1630 -0.0593 -0.0110 0.9979 0.0633 -0.0080 -0.1626 -0.0642 0.9846 -0.0116
1341836542.0724 0.9867 0.0051 0.1623 -0.0593 -0.0155 0.9979 0.0632 -0.0080 -0.1616 -0.0648 0.9847 -0.0116
1341836542.1087 0.9870 0.0052 0.1609 -0.0592 -0.0155 0.9979 0.0629 -0.0080 -0.1602 -0.0646 0.9850 -0.0116
1341836542.1405 0.9868 0.0057 0.1620 -0.0606 -0.0165 0.9977 0.0652 -0.0087 -0.1613 -0.0670 0.9846 -0.0119
1341836542.1724 0.9864 0.0062 0.1641 -0.0615 -0.0173 0.9977 0.0662 -0.0091 -0.1633 -0.0682 0.9842 -0.0118
1341836542.2084 0.9858 0.0076 0.1679 -0.0632 -0.0188 0.9977 0.0650 -0.0091 -0.1670 -0.0672 0.9837 -0.0116
1341836542.2404 0.9860 0.0064 0.1669 -0.0636 -0.0182 0.9974 0.0693 -0.0100 -0.1660 -0.0713 0.9835 -0.0121
1341836542.2765 0.9858 0.0052 0.1680 -0.0642 -0.0176 0.9973 0.0720 -0.0107 -0.1672 -0.0739 0.9832 -0.0124
1341836542.3083 0.9858 0.0075 0.1677 -0.0648 -0.0198 0.9972 0.0715 -0.0108 -0.1667 -0.0738 0.9833 -0.0120
1341836542.3404 0.9860 0.0087 0.1665 -0.0647 -0.0211 0.9971 0.0729 -0.0112 -0.1654 -0.0754 0.9833 -0.0125
1341836542.3763 0.9840 0.0087 0.1778 -0.0663 -0.0203 0.9978 0.0636 -0.0096 -0.1769 -0.0662 0.9820 -0.0129
1341836542.4089 0.9827 0.0086 0.1851 -0.0677 -0.0177 0.9987 0.0472 -0.0068 -0.1844 -0.0497 0.9816 -0.0131
1341836542.4445 0.9811 0.0110 0.1934 -0.0704 -0.0190 0.9990 0.0395 -0.0051 -0.1927 -0.0424 0.9803 -0.0135
1341836542.4764 0.9804 0.0222 0.1956 -0.0712 -0.0289 0.9991 0.0313 -0.0030 -0.1947 -0.0363 0.9802 -0.0143
1341836542.5085 0.9798 0.0223 0.1985 -0.0719 -0.0300 0.9989 0.0357 -0.0038 -0.1975 -0.0409 0.9795 -0.0149
1341836542.5446 0.9783 0.0231 0.2059 -0.0744 -0.0299 0.9991 0.0297 -0.0022 -0.2051 -0.0353 0.9781 -0.0147
1341836542.5766 0.9778 0.0219 0.2086 -0.0748 -0.0284 0.9992 0.0283 -0.0019 -0.2078 -0.0336 0.9776 -0.0150
1341836542.6087 0.9762 0.0149 0.2166 -0.0761 -0.0235 0.9990 0.0373 -0.0037 -0.2158 -0.0415 0.9756 -0.0150
1341836542.6443 0.9750 0.0137 0.2220 -0.0782 -0.0230 0.9990 0.0392 -0.0043 -0.2212 -0.0434 0.9743 -0.0145
1341836542.6765 0.9766 0.0161 0.2143 -0.0776 -0.0239 0.9991 0.0341 -0.0031 -0.2136 -0.0385 0.9762 -0.0143
1341836542.7124 0.9759 0.0174 0.2174 -0.0787 -0.0259 0.9990 0.0361 -0.0035 -0.2165 -0.0409 0.9754 -0.0141
1341836542.7444 0.9747 0.0197 0.2228 -0.0810 -0.0282 0.9990 0.0348 -0.0030 -0.2219 -0.0402 0.9742 -0.0130
1341836542.7764 0.9762 0.0228 0.2156 -0.0802 -0.0299 0.9991 0.0298 -0.0019 -0.2148 -0.0355 0.9760 -0.0121
1341836542.8122 0.9749 0.0205 0.2216 -0.0810 -0.0276 0.9992 0.0290 -0.0017 -0.2209 -0.0344 0.9747 -0.0109
1341836542.8444 0.9737 0.0180 0.2273 -0.0829 -0.0250 0.9993 0.0279 -0.0014 -0.2267 -0.0328 0.9734 -0.0105
1341836542.8763 0.9743 0.0178 0.2246 -0.0833 -0.0253 0.9992 0.0308 -0.0020 -0.2238 -0.0357 0.9740 -0.0100
1341836542.9124 0.9744 0.0195 0.2241 -0.0837 -0.0268 0.9992 0.0293 -0.0017 -0.2234 -0.0345 0.9741 -0.0097
1341836542.9444 0.9742 0.0193 0.2247 -0.0847 -0.0268 0.9992 0.0304 -0.0019 -0.2239 -0.0356 0.9740 -0.0091
1341836542.9803 0.9753 0.0193 0.2201 -0.0846 -0.0265 0.9992 0.0299 -0.0019 -0.2194 -0.0350 0.9750 -0.0094
1341836543.0124 0.9738 0.0204 0.2267 -0.0863 -0.0272 0.9993 0.0270 -0.0011 -0.2260 -0.0325 0.9736 -0.0096
1341836543.0443 0.9735 0.0186 0.2281 -0.0868 -0.0252 0.9993 0.0260 -0.0007 -0.2275 -0.0311 0.9733 -0.0096
1341836543.0805 0.9738 0.0186 0.2266 -0.0869 -0.0253 0.9993 0.0266 -0.0006 -0.2259 -0.0317 0.9736 -0.0096
1341836543.1125 0.9717 0.0175 0.2356 -0.0892 -0.0233 0.9995 0.0222 0.0007 -0.2351 -0.0271 0.9716 -0.0097
1341836543.1518 0.9693 0.0213 0.2450 -0.0915 -0.0255 0.9996 0.0140 0.0026 -0.2446 -0.0198 0.9694 -0.0092
1341836543.1850 0.9695 0.0226 0.2440 -0.0914 -0.0262 0.9996 0.0115 0.0033 -0.2437 -0.0175 0.9697 -0.0091
1341836543.2123 0.9659 0.0199 0.2582 -0.0941 -0.0213 0.9998 0.0027 0.0053 -0.2581 -0.0081 0.9661 -0.0090
1341836543.2484 0.9638 0.0178 0.2659 -0.0961 -0.0185 0.9998 -0.0000 0.0060 -0.2658 -0.0049 0.9640 -0.0086
1341836543.2805 0.9664 0.0186 0.2564 -0.0951 -0.0195 0.9998 0.0012 0.0060 -0.2563 -0.0062 0.9666 -0.0086
1341836543.3124 0.9667 0.0200 0.2550 -0.0950 -0.0211 0.9998 0.0017 0.0060 -0.2549 -0.0070 0.9669 -0.0086
1341836543.3485 0.9655 0.0208 0.2595 -0.0961 -0.0222 0.9998 0.0025 0.0061 -0.2594 -0.0082 0.9657 -0.0084
1341836543.3803 0.9659 0.0176 0.2582 -0.0961 -0.0191 0.9998 0.0034 0.0061 -0.2580 -0.0082 0.9661 -0.0084
1341836543.4165 0.9662 0.0133 0.2575 -0.0960 -0.0147 0.9999 0.0034 0.0061 -0.2574 -0.0070 0.9663 -0.0083
1341836543.4514 0.9651 0.0128 0.2617 -0.0975 -0.0151 0.9999 0.0066 0.0053 -0.2615 -0.0103 0.9651 -0.0083
1341836543.4835 0.9665 0.0130 0.2563 -0.0963 -0.0147 0.9999 0.0048 0.0055 -0.2562 -0.0084 0.9666 -0.0082
1341836543.5193 0.9657 0.0112 0.2594 -0.0971 -0.0129 0.9999 0.0049 0.0054 -0.2594 -0.0081 0.9657 -0.0083
1341836543.5515 0.9656 0.0104 0.2600 -0.0976 -0.0121 0.9999 0.0052 0.0055 -0.2599 -0.0082 0.9656 -0.0081
1341836543.5835 0.9663 0.0110 0.2571 -0.0967 -0.0136 0.9999 0.0085 0.0049 -0.2570 -0.0117 0.9663 -0.0088
1341836543.6194 0.9651 0.0098 0.2616 -0.0976 -0.0123 0.9999 0.0080 0.0052 -0.2615 -0.0109 0.9651 -0.0090
1341836543.6526 0.9649 0.0091 0.2624 -0.0984 -0.0123 0.9999 0.0104 0.0049 -0.2623 -0.0133 0.9649 -0.0089
1341836543.6844 0.9651 0.0108 0.2617 -0.0982 -0.0141 0.9998 0.0105 0.0049 -0.2616 -0.0138 0.9651 -0.0092
1341836543.7193 0.9641 0.0093 0.2655 -0.0988 -0.0134 0.9998 0.0134 0.0045 -0.2653 -0.0165 0.9640 -0.0094
1341836543.7514 0.9632 0.0070 0.2687 -0.0999 -0.0117 0.9998 0.0159 0.0042 -0.2686 -0.0184 0.9631 -0.0093
1341836543.7874 0.9627 0.0052 0.2705 -0.1006 -0.0099 0.9998 0.0162 0.0041 -0.2703 -0.0183 0.9626 -0.0090
1341836543.8197 0.9623 0.0056 0.2720 -0.1012 -0.0108 0.9998 0.0179 0.0037 -0.2719 -0.0201 0.9621 -0.0091
1341836543.8513 0.9614 0.0051 0.2753 -0.1023 -0.0109 0.9998 0.0192 0.0034 -0.2751 -0.0215 0.9612 -0.0089
1341836543.8874 0.9599 0.0032 0.2803 -0.1046 -0.0110 0.9996 0.0263 0.0018 -0.2801 -0.0283 0.9596 -0.0091
1341836543.9194 0.9607 0.0037 0.2775 -0.1046 -0.0114 0.9996 0.0260 0.0020 -0.2773 -0.0281 0.9604 -0.0089
1341836543.9523 0.9605 0.0049 0.2784 -0.1047 -0.0123 0.9996 0.0251 0.0023 -0.2782 -0.0275 0.9601 -0.0088
1341836543.9873 0.9593 0.0034 0.2825 -0.1056 -0.0085 0.9998 0.0168 0.0039 -0.2824 -0.0185 0.9591 -0.0085
1341836544.0195 0.9597 0.0030 0.2811 -0.1056 -0.0079 0.9998 0.0163 0.0039 -0.2810 -0.0179 0.9595 -0.0084
1341836544.0522 0.9598 0.0027 0.2807 -0.1052 -0.0077 0.9998 0.0167 0.0040 -0.2806 -0.0182 0.9597 -0.0086
1341836544.0875 0.9592 0.0021 0.2828 -0.1057 -0.0068 0.9999 0.0156 0.0041 -0.2828 -0.0169 0.9590 -0.0083
1341836544.1194 0.9585 0.0011 0.2850 -0.1071 -0.0056 0.9999 0.0150 0.0041 -0.2849 -0.0160 0.9584 -0.0078
1341836544.1555 0.9602 0.0040 0.2794 -0.1060 -0.0080 0.9999 0.0130 0.0047 -0.2793 -0.0147 0.9601 -0.0079
1341836544.1873 0.9606 0.0058 0.2780 -0.1053 -0.0100 0.9999 0.0135 0.0049 -0.2779 -0.0157 0.9605 -0.0082
1341836544.2204 0.9596 0.0054 0.2812 -0.1065 -0.0088 0.9999 0.0109 0.0055 -0.2811 -0.0129 0.9596 -0.0079
1341836544.2553 0.9605 0.0051 0.2781 -0.1063 -0.0084 0.9999 0.0105 0.0059 -0.2781 -0.0124 0.9605 -0.0075
1341836544.2875 0.9623 0.0049 0.2720 -0.1046 -0.0069 1.0000 0.0064 0.0071 -0.2720 -0.0081 0.9623 -0.0075
1341836544.3233 0.9619 0.0067 0.2733 -0.1047 -0.0089 0.9999 0.0068 0.0070 -0.2732 -0.0090 0.9619 -0.0073
1341836544.3553 0.9612 0.0087 0.2756 -0.1058 -0.0102 0.9999 0.0040 0.0075 -0.2755 -0.0067 0.9613 -0.0070
1341836544.3874 0.9621 0.0103 0.2726 -0.1059 -0.0120 0.9999 0.0046 0.0073 -0.2725 -0.0077 0.9621 -0.0067
1341836544.4233 0.9618 0.0139 0.2733 -0.1062 -0.0160 0.9999 0.0056 0.0067 -0.2732 -0.0097 0.9619 -0.0065
1341836544.4554 0.9613 0.0159 0.2752 -0.1071 -0.0178 0.9998 0.0044 0.0067 -0.2750 -0.0091 0.9614 -0.0061
1341836544.4914 0.9625 0.0178 0.2708 -0.1071 -0.0195 0.9998 0.0036 0.0067 -0.2707 -0.0087 0.9626 -0.0063
1341836544.5236 0.9625 0.0189 0.2706 -0.1074 -0.0207 0.9998 0.0035 0.0066 -0.2705 -0.0090 0.9627 -0.0061
1341836544.5553 0.9627 0.0202 0.2697 -0.1079 -0.0221 0.9997 0.0041 0.0064 -0.2695 -0.0099 0.9629 -0.0058
1341836544.5914 0.9640 0.0276 0.2644 -0.1076 -0.0293 0.9996 0.0025 0.0067 -0.2642 -0.0102 0.9644 -0.0060
1341836544.6234 0.9639 0.0305 0.2646 -0.1081 -0.0326 0.9995 0.0034 0.0067 -0.2644 -0.0119 0.9644 -0.0060
1341836544.6593 0.9645 0.0301 0.2623 -0.1081 -0.0319 0.9995 0.0025 0.0067 -0.2621 -0.0107 0.9650 -0.0060
1341836544.6913 0.9644 0.0301 0.2626 -0.1084 -0.0314 0.9995 0.0008 0.0070 -0.2625 -0.0091 0.9649 -0.0061
1341836544.7275 0.9634 0.0301 0.2665 -0.1097 -0.0313 0.9995 0.0000 0.0072 -0.2663 -0.0083 0.9638 -0.0059
1341836544.7595 0.9631 0.0291 0.2677 -0.1106 -0.0316 0.9995 0.0052 0.0061 -0.2674 -0.0135 0.9635 -0.0060
1341836544.7917 0.9634 0.0297 0.2663 -0.1112 -0.0328 0.9994 0.0073 0.0056 -0.2659 -0.0157 0.9639 -0.0059
1341836544.8275 0.9630 0.0305 0.2677 -0.1123 -0.0333 0.9994 0.0059 0.0060 -0.2674 -0.0146 0.9635 -0.0053
1341836544.8593 0.9633 0.0312 0.2665 -0.1128 -0.0342 0.9994 0.0069 0.0058 -0.2661 -0.0158 0.9638 -0.0050
1341836544.8955 0.9599 0.0362 0.2781 -0.1160 -0.0390 0.9992 0.0046 0.0059 -0.2777 -0.0153 0.9605 -0.0052
1341836544.9273 0.9594 0.0371 0.2795 -0.1162 -0.0397 0.9992 0.0036 0.0061 -0.2791 -0.0145 0.9601 -0.0052
1341836544.9593 0.9587 0.0345 0.2822 -0.1169 -0.0369 0.9993 0.0029 0.0063 -0.2819 -0.0132 0.9593 -0.0050
1341836544.9955 0.9577 0.0337 0.2859 -0.1181 -0.0361 0.9993 0.0032 0.0060 -0.2856 -0.0134 0.9583 -0.0046
1341836545.0273 0.9582 0.0341 0.2841 -0.1179 -0.0363 0.9993 0.0024 0.0062 -0.2839 -0.0126 0.9588 -0.0046
1341836545.0594 0.9574 0.0343 0.2868 -0.1188 -0.0366 0.9993 0.0024 0.0063 -0.2865 -0.0128 0.9580 -0.0045
1341836545.0954 0.9560 0.0326 0.2915 -0.1206 -0.0351 0.9994 0.0033 0.0061 -0.2912 -0.0134 0.9566 -0.0044
1341836545.1275 0.9563 0.0308 0.2908 -0.1206 -0.0336 0.9994 0.0048 0.0059 -0.2905 -0.0143 0.9568 -0.0046
1341836545.1634 0.9556 0.0286 0.2932 -0.1213 -0.0312 0.9995 0.0042 0.0061 -0.2930 -0.0132 0.9560 -0.0046
1341836545.1955 0.9543 0.0257 0.2979 -0.1231 -0.0275 0.9996 0.0019 0.0070 -0.2977 -0.0101 0.9546 -0.0039
1341836545.2274 0.9551 0.0277 0.2951 -0.1225 -0.0296 0.9996 0.0022 0.0072 -0.2949 -0.0108 0.9555 -0.0042
1341836545.2633 0.9545 0.0293 0.2969 -0.1224 -0.0310 0.9995 0.0010 0.0075 -0.2967 -0.0102 0.9549 -0.0043
1341836545.2955 0.9501 0.0302 0.3106 -0.1257 -0.0318 0.9995 0.0003 0.0075 -0.3104 -0.0101 0.9506 -0.0040
1341836545.3275 0.9498 0.0285 0.3114 -0.1264 -0.0309 0.9995 0.0027 0.0068 -0.3112 -0.0122 0.9503 -0.0038
1341836545.3635 0.9496 0.0271 0.3123 -0.1267 -0.0298 0.9995 0.0039 0.0066 -0.3121 -0.0131 0.9500 -0.0040
1341836545.3956 0.9484 0.0255 0.3161 -0.1280 -0.0275 0.9996 0.0018 0.0073 -0.3159 -0.0104 0.9487 -0.0034
1341836545.4275 0.9489 0.0247 0.3147 -0.1280 -0.0271 0.9996 0.0032 0.0073 -0.3145 -0.0116 0.9492 -0.0034
1341836545.4634 0.9373 0.0138 0.3484 -0.1356 -0.0191 0.9997 0.0118 0.0068 -0.3481 -0.0177 0.9373 -0.0052
1341836545.4954 0.9361 0.0082 0.3515 -0.1361 -0.0126 0.9999 0.0102 0.0081 -0.3514 -0.0140 0.9361 -0.0054
1341836545.5315 0.9350 0.0068 0.3546 -0.1375 -0.0109 0.9999 0.0095 0.0085 -0.3544 -0.0128 0.9350 -0.0048
1341836545.5633 0.9352 0.0058 0.3540 -0.1375 -0.0102 0.9999 0.0105 0.0085 -0.3539 -0.0135 0.9352 -0.0048
1341836545.5955 0.9361 0.0044 0.3518 -0.1373 -0.0095 0.9999 0.0126 0.0083 -0.3517 -0.0152 0.9360 -0.0051
1341836545.6313 0.9369 0.0038 0.3495 -0.1381 -0.0100 0.9998 0.0160 0.0077 -0.3494 -0.0185 0.9368 -0.0050
1341836545.6635 0.9374 0.0036 0.3483 -0.1389 -0.0100 0.9998 0.0167 0.0078 -0.3482 -0.0192 0.9372 -0.0050
1341836545.6959 0.9382 0.0065 0.3459 -0.1394 -0.0141 0.9997 0.0196 0.0076 -0.3457 -0.0232 0.9381 -0.0056
1341836545.7315 0.9389 0.0104 0.3441 -0.1403 -0.0201 0.9995 0.0246 0.0069 -0.3436 -0.0300 0.9386 -0.0063
1341836545.7636 0.9395 0.0113 0.3425 -0.1405 -0.0215 0.9994 0.0261 0.0068 -0.3420 -0.0318 0.9392 -0.0067
1341836545.7954 0.9397 0.0106 0.3418 -0.1405 -0.0211 0.9994 0.0270 0.0068 -0.3413 -0.0326 0.9394 -0.0067
1341836545.8314 0.9392 0.0104 0.3432 -0.1407 -0.0209 0.9994 0.0270 0.0068 -0.3427 -0.0325 0.9389 -0.0064
1341836545.8633 0.9380 0.0127 0.3463 -0.1415 -0.0231 0.9994 0.0259 0.0069 -0.3458 -0.0323 0.9378 -0.0064
1341836545.8963 0.9383 0.0144 0.3454 -0.1418 -0.0245 0.9994 0.0248 0.0072 -0.3448 -0.0318 0.9381 -0.0066
1341836545.9316 0.9385 0.0168 0.3448 -0.1420 -0.0275 0.9993 0.0260 0.0072 -0.3441 -0.0338 0.9383 -0.0066
1341836545.9635 0.9378 0.0193 0.3466 -0.1424 -0.0299 0.9992 0.0254 0.0073 -0.3458 -0.0342 0.9377 -0.0064
1341836545.9992 0.9380 0.0198 0.3460 -0.1424 -0.0305 0.9992 0.0255 0.0074 -0.3453 -0.0344 0.9379 -0.0065
1341836546.0315 0.9376 0.0200 0.3471 -0.1425 -0.0310 0.9992 0.0262 0.0074 -0.3463 -0.0353 0.9375 -0.0064
1341836546.0634 0.9364 0.0195 0.3504 -0.1430 -0.0305 0.9992 0.0258 0.0076 -0.3496 -0.0348 0.9363 -0.0061
1341836546.0993 0.9361 0.0187 0.3513 -0.1431 -0.0298 0.9992 0.0261 0.0077 -0.3505 -0.0349 0.9359 -0.0063
1341836546.1318 0.9358 0.0171 0.3521 -0.1433 -0.0283 0.9992 0.0266 0.0079 -0.3514 -0.0349 0.9356 -0.0064
1341836546.1644 0.9355 0.0159 0.3530 -0.1434 -0.0274 0.9992 0.0276 0.0077 -0.3523 -0.0355 0.9352 -0.0065
1341836546.1993 0.9353 0.0151 0.3535 -0.1436 -0.0265 0.9993 0.0275 0.0077 -0.3528 -0.0351 0.9350 -0.0066
1341836546.2315 0.9352 0.0141 0.3539 -0.1438 -0.0251 0.9993 0.0267 0.0079 -0.3533 -0.0339 0.9349 -0.0066
1341836546.2643 0.9350 0.0127 0.3543 -0.1447 -0.0239 0.9993 0.0273 0.0077 -0.3537 -0.0340 0.9347 -0.0068
1341836546.2994 0.9361 0.0152 0.3513 -0.1447 -0.0260 0.9993 0.0260 0.0080 -0.3507 -0.0335 0.9359 -0.0072
1341836546.3313 0.9363 0.0173 0.3507 -0.1448 -0.0283 0.9993 0.0262 0.0080 -0.3500 -0.0344 0.9361 -0.0073
1341836546.3674 0.9372 0.0205 0.3481 -0.1449 -0.0313 0.9992 0.0253 0.0080 -0.3473 -0.0346 0.9371 -0.0074
1341836546.3996 0.9384 0.0228 0.3448 -0.1448 -0.0331 0.9992 0.0240 0.0082 -0.3439 -0.0339 0.9384 -0.0077
1341836546.4323 0.9386 0.0256 0.3442 -0.1449 -0.0354 0.9991 0.0224 0.0088 -0.3433 -0.0332 0.9386 -0.0077
1341836546.4675 0.9384 0.0297 0.3442 -0.1452 -0.0395 0.9990 0.0214 0.0088 -0.3432 -0.0337 0.9387 -0.0078
1341836546.4992 0.9380 0.0302 0.3452 -0.1454 -0.0399 0.9990 0.0209 0.0090 -0.3443 -0.0333 0.9383 -0.0078
1341836546.5355 0.9370 0.0281 0.3483 -0.1457 -0.0387 0.9990 0.0235 0.0084 -0.3473 -0.0355 0.9371 -0.0079
1341836546.5674 0.9365 0.0264 0.3497 -0.1462 -0.0368 0.9991 0.0232 0.0085 -0.3488 -0.0347 0.9366 -0.0078
1341836546.5993 0.9375 0.0311 0.3466 -0.1462 -0.0411 0.9989 0.0217 0.0086 -0.3456 -0.0346 0.9378 -0.0078
1341836546.6354 0.9371 0.0375 0.3470 -0.1464 -0.0472 0.9987 0.0196 0.0088 -0.3458 -0.0347 0.9377 -0.0077
1341836546.6680 0.9365 0.0383 0.3487 -0.1470 -0.0477 0.9987 0.0186 0.0090 -0.3475 -0.0341 0.9371 -0.0075
1341836546.7035 0.9362 0.0380 0.3495 -0.1476 -0.0470 0.9987 0.0173 0.0091 -0.3484 -0.0326 0.9368 -0.0073
1341836546.7387 0.9364 0.0406 0.3486 -0.1476 -0.0488 0.9987 0.0150 0.0095 -0.3475 -0.0311 0.9372 -0.0073
1341836546.8035 0.9370 0.0429 0.3467 -0.1481 -0.0514 0.9986 0.0154 0.0091 -0.3456 -0.0322 0.9378 -0.0077
1341836546.8328 0.9386 0.0430 0.3423 -0.1477 -0.0510 0.9986 0.0143 0.0092 -0.3412 -0.0308 0.9395 -0.0084
1341836546.8685 0.9383 0.0435 0.3430 -0.1478 -0.0512 0.9986 0.0137 0.0093 -0.3419 -0.0304 0.9392 -0.0084
1341836546.9004 0.9331 0.0433 0.3570 -0.1514 -0.0495 0.9987 0.0083 0.0106 -0.3562 -0.0255 0.9341 -0.0067
1341836546.9325 0.9357 0.0403 0.3504 -0.1515 -0.0465 0.9989 0.0093 0.0106 -0.3497 -0.0250 0.9365 -0.0068
1341836546.9713 0.9385 0.0409 0.3428 -0.1506 -0.0478 0.9988 0.0115 0.0102 -0.3419 -0.0272 0.9394 -0.0077
1341836547.0003 0.9389 0.0436 0.3414 -0.1506 -0.0509 0.9986 0.0126 0.0102 -0.3403 -0.0293 0.9398 -0.0078
1341836547.0326 0.9341 0.0421 0.3545 -0.1552 -0.0477 0.9988 0.0071 0.0120 -0.3538 -0.0236 0.9350 -0.0077
1341836547.0686 0.9350 0.0430 0.3520 -0.1552 -0.0493 0.9987 0.0092 0.0116 -0.3512 -0.0260 0.9359 -0.0081
1341836547.1006 0.9370 0.0443 0.3464 -0.1535 -0.0513 0.9986 0.0113 0.0110 -0.3455 -0.0283 0.9380 -0.0088
1341836547.1363 0.9349 0.0392 0.3527 -0.1544 -0.0472 0.9988 0.0143 0.0106 -0.3517 -0.0300 0.9356 -0.0084
1341836547.1686 0.9347 0.0361 0.3537 -0.1544 -0.0456 0.9988 0.0185 0.0103 -0.3526 -0.0335 0.9352 -0.0086
1341836547.2003 0.9303 0.0342 0.3652 -0.1562 -0.0449 0.9988 0.0207 0.0100 -0.3641 -0.0357 0.9307 -0.0080
1341836547.2364 0.9290 0.0323 0.3686 -0.1570 -0.0432 0.9988 0.0213 0.0101 -0.3675 -0.0357 0.9294 -0.0078
1341836547.2695 0.9314 0.0330 0.3626 -0.1568 -0.0441 0.9988 0.0223 0.0099 -0.3614 -0.0368 0.9317 -0.0089
1341836547.3004 0.9316 0.0345 0.3617 -0.1570 -0.0458 0.9987 0.0227 0.0099 -0.3605 -0.0377 0.9320 -0.0091
1341836547.3364 0.9319 0.0350 0.3611 -0.1572 -0.0470 0.9986 0.0245 0.0098 -0.3598 -0.0397 0.9322 -0.0093
1341836547.3686 0.9321 0.0318 0.3608 -0.1572 -0.0452 0.9986 0.0286 0.0093 -0.3594 -0.0430 0.9322 -0.0095
1341836547.4045 0.9327 0.0310 0.3594 -0.1573 -0.0453 0.9985 0.0313 0.0089 -0.3579 -0.0455 0.9327 -0.0098
1341836547.4365 0.9333 0.0311 0.3579 -0.1573 -0.0447 0.9986 0.0296 0.0090 -0.3564 -0.0436 0.9333 -0.0100
1341836547.4754 0.9326 0.0318 0.3595 -0.1585 -0.0456 0.9985 0.0301 0.0087 -0.3580 -0.0444 0.9326 -0.0107
1341836547.5044 0.9343 0.0319 0.3551 -0.1592 -0.0451 0.9986 0.0291 0.0089 -0.3537 -0.0432 0.9344 -0.0117
1341836547.5365 0.9352 0.0316 0.3528 -0.1592 -0.0443 0.9986 0.0279 0.0089 -0.3515 -0.0417 0.9353 -0.0120
1341836547.5684 0.9355 0.0310 0.3519 -0.1594 -0.0432 0.9987 0.0270 0.0089 -0.3506 -0.0405 0.9356 -0.0122
1341836547.6043 0.9373 0.0300 0.3473 -0.1596 -0.0434 0.9986 0.0308 0.0082 -0.3459 -0.0440 0.9373 -0.0117
1341836547.6364 0.9398 0.0306 0.3404 -0.1587 -0.0446 0.9984 0.0334 0.0075 -0.3388 -0.0466 0.9397 -0.0122
1341836547.6723 0.9346 0.0327 0.3543 -0.1626 -0.0476 0.9983 0.0334 0.0072 -0.3526 -0.0481 0.9345 -0.0113
1341836547.7044 0.9362 0.0302 0.3502 -0.1628 -0.0457 0.9983 0.0359 0.0065 -0.3485 -0.0496 0.9360 -0.0120
1341836547.7365 0.9374 0.0290 0.3469 -0.1627 -0.0447 0.9983 0.0374 0.0061 -0.3453 -0.0506 0.9371 -0.0125
1341836547.7724 0.9369 0.0296 0.3484 -0.1638 -0.0451 0.9983 0.0365 0.0063 -0.3468 -0.0499 0.9366 -0.0122
1341836547.8044 0.9391 0.0291 0.3424 -0.1635 -0.0457 0.9981 0.0406 0.0053 -0.3406 -0.0538 0.9387 -0.0130
1341836547.8403 0.9403 0.0283 0.3392 -0.1634 -0.0450 0.9981 0.0413 0.0051 -0.3374 -0.0541 0.9398 -0.0138
1341836547.8724 0.9401 0.0270 0.3397 -0.1646 -0.0432 0.9983 0.0402 0.0052 -0.3380 -0.0525 0.9397 -0.0135
1341836547.9045 0.9422 0.0271 0.3340 -0.1646 -0.0433 0.9982 0.0412 0.0051 -0.3322 -0.0533 0.9417 -0.0139
1341836547.9402 0.9428 0.0272 0.3323 -0.1649 -0.0434 0.9982 0.0415 0.0048 -0.3306 -0.0535 0.9422 -0.0140
1341836547.9723 0.9392 0.0276 0.3424 -0.1675 -0.0424 0.9985 0.0358 0.0060 -0.3409 -0.0481 0.9389 -0.0123
1341836548.0044 0.9392 0.0272 0.3424 -0.1679 -0.0423 0.9984 0.0367 0.0059 -0.3409 -0.0490 0.9388 -0.0123
1341836548.0404 0.9390 0.0264 0.3430 -0.1684 -0.0419 0.9984 0.0380 0.0058 -0.3414 -0.0500 0.9386 -0.0121
1341836548.0723 0.9393 0.0270 0.3420 -0.1690 -0.0426 0.9984 0.0383 0.0055 -0.3404 -0.0505 0.9389 -0.0123
1341836548.1084 0.9408 0.0277 0.3379 -0.1690 -0.0430 0.9984 0.0379 0.0055 -0.3363 -0.0502 0.9404 -0.0123
1341836548.1404 0.9406 0.0293 0.3383 -0.1696 -0.0449 0.9983 0.0384 0.0053 -0.3366 -0.0513 0.9402 -0.0120
1341836548.1723 0.9429 0.0288 0.3319 -0.1689 -0.0449 0.9981 0.0411 0.0046 -0.3301 -0.0536 0.9424 -0.0126
1341836548.2085 0.9441 0.0303 0.3282 -0.1690 -0.0462 0.9981 0.0410 0.0046 -0.3263 -0.0538 0.9437 -0.0126
1341836548.2404 0.9446 0.0325 0.3267 -0.1690 -0.0486 0.9980 0.0413 0.0045 -0.3247 -0.0549 0.9442 -0.0127
1341836548.2730 0.9443 0.0333 0.3275 -0.1694 -0.0499 0.9978 0.0425 0.0042 -0.3254 -0.0565 0.9439 -0.0126
1341836548.3084 0.9450 0.0335 0.3254 -0.1693 -0.0502 0.9978 0.0430 0.0041 -0.3233 -0.0569 0.9446 -0.0129
1341836548.3405 0.9451 0.0328 0.3250 -0.1693 -0.0499 0.9978 0.0444 0.0038 -0.3228 -0.0582 0.9447 -0.0131
1341836548.3765 0.9448 0.0292 0.3265 -0.1693 -0.0463 0.9979 0.0449 0.0038 -0.3245 -0.0575 0.9441 -0.0130
1341836548.4114 0.9431 0.0254 0.3314 -0.1704 -0.0419 0.9982 0.0427 0.0045 -0.3298 -0.0542 0.9425 -0.0123
1341836548.4436 0.9441 0.0269 0.3285 -0.1704 -0.0431 0.9982 0.0423 0.0045 -0.3267 -0.0541 0.9436 -0.0123
1341836548.4794 0.9442 0.0281 0.3281 -0.1702 -0.0455 0.9979 0.0456 0.0037 -0.3261 -0.0580 0.9436 -0.0124
1341836548.5116 0.9437 0.0251 0.3298 -0.1709 -0.0431 0.9979 0.0475 0.0034 -0.3279 -0.0590 0.9429 -0.0122
1341836548.5435 0.9445 0.0269 0.3273 -0.1711 -0.0451 0.9978 0.0481 0.0029 -0.3253 -0.0602 0.9437 -0.0124
1341836548.5794 0.9440 0.0287 0.3288 -0.1715 -0.0474 0.9977 0.0488 0.0026 -0.3266 -0.0616 0.9431 -0.0123
1341836548.6113 0.9439 0.0273 0.3292 -0.1720 -0.0464 0.9977 0.0503 0.0024 -0.3271 -0.0627 0.9429 -0.0124
1341836548.6443 0.9379 0.0287 0.3457 -0.1758 -0.0462 0.9980 0.0424 0.0040 -0.3438 -0.0557 0.9374 -0.0111
1341836548.6794 0.9373 0.0257 0.3476 -0.1758 -0.0441 0.9980 0.0451 0.0034 -0.3458 -0.0576 0.9365 -0.0113
1341836548.7114 0.9354 0.0236 0.3527 -0.1767 -0.0423 0.9981 0.0454 0.0035 -0.3509 -0.0574 0.9346 -0.0112
1341836548.7444 0.9332 0.0224 0.3587 -0.1780 -0.0375 0.9987 0.0352 0.0055 -0.3575 -0.0463 0.9328 -0.0108
1341836548.7793 0.9326 0.0218 0.3604 -0.1782 -0.0380 0.9986 0.0379 0.0050 -0.3590 -0.0491 0.9320 -0.0111
1341836548.8114 0.9309 0.0184 0.3648 -0.1788 -0.0350 0.9986 0.0389 0.0049 -0.3636 -0.0490 0.9303 -0.0114
1341836548.8473 0.9315 0.0126 0.3636 -0.1789 -0.0291 0.9988 0.0398 0.0048 -0.3627 -0.0476 0.9307 -0.0116
1341836548.8795 0.9295 0.0118 0.3686 -0.1799 -0.0266 0.9990 0.0350 0.0057 -0.3678 -0.0423 0.9289 -0.0113
1341836548.9124 0.9284 0.0123 0.3714 -0.1806 -0.0273 0.9990 0.0351 0.0055 -0.3706 -0.0427 0.9278 -0.0112
1341836548.9474 0.9290 0.0107 0.3698 -0.1809 -0.0261 0.9990 0.0367 0.0052 -0.3690 -0.0437 0.9284 -0.0116
1341836549.0155 0.9283 0.0141 0.3715 -0.1809 -0.0328 0.9985 0.0441 0.0034 -0.3704 -0.0531 0.9274 -0.0131
1341836549.0443 0.9283 0.0126 0.3715 -0.1809 -0.0314 0.9985 0.0445 0.0034 -0.3704 -0.0530 0.9274 -0.0132
1341836549.0803 0.9280 0.0097 0.3726 -0.1813 -0.0290 0.9985 0.0462 0.0031 -0.3716 -0.0536 0.9269 -0.0136
1341836549.1154 0.9281 0.0090 0.3721 -0.1823 -0.0281 0.9985 0.0460 0.0035 -0.3712 -0.0531 0.9270 -0.0142
1341836549.1475 0.9348 0.0107 0.3551 -0.1792 -0.0301 0.9983 0.0492 0.0027 -0.3540 -0.0566 0.9335 -0.0158
1341836549.1834 0.9276 0.0105 0.3733 -0.1841 -0.0294 0.9986 0.0450 0.0039 -0.3723 -0.0527 0.9266 -0.0156
1341836549.2154 0.9271 0.0061 0.3749 -0.1850 -0.0255 0.9986 0.0468 0.0039 -0.3741 -0.0529 0.9259 -0.0154
1341836549.2475 0.9270 0.0073 0.3750 -0.1852 -0.0273 0.9985 0.0482 0.0037 -0.3741 -0.0550 0.9258 -0.0155
1341836549.2833 0.9254 0.0111 0.3788 -0.1865 -0.0311 0.9984 0.0467 0.0038 -0.3777 -0.0550 0.9243 -0.0152
1341836549.3156 0.9265 0.0109 0.3761 -0.1873 -0.0308 0.9984 0.0471 0.0037 -0.3750 -0.0552 0.9254 -0.0153
1341836549.3482 0.9261 0.0118 0.3772 -0.1883 -0.0326 0.9983 0.0488 0.0036 -0.3760 -0.0575 0.9248 -0.0152
1341836549.3833 0.9205 0.0155 0.3904 -0.1920 -0.0424 0.9973 0.0604 0.0008 -0.3884 -0.0722 0.9186 -0.0141
1341836549.4154 0.9214 0.0197 0.3880 -0.1925 -0.0474 0.9970 0.0619 0.0002 -0.3856 -0.0754 0.9196 -0.0139
1341836549.4514 0.9161 0.0203 0.4005 -0.1959 -0.0493 0.9968 0.0623 -0.0000 -0.3980 -0.0768 0.9142 -0.0127
1341836549.4834 0.9167 0.0193 0.3990 -0.1960 -0.0480 0.9969 0.0621 -0.0001 -0.3966 -0.0761 0.9148 -0.0132
1341836549.5154 0.9158 0.0208 0.4011 -0.1968 -0.0495 0.9969 0.0613 -0.0000 -0.3985 -0.0760 0.9140 -0.0128
1341836549.5515 0.9145 0.0237 0.4038 -0.1978 -0.0534 0.9966 0.0624 -0.0005 -0.4010 -0.0786 0.9127 -0.0123
1341836549.5835 0.9153 0.0232 0.4020 -0.1978 -0.0524 0.9967 0.0618 -0.0006 -0.3992 -0.0776 0.9136 -0.0129
1341836549.6193 0.9147 0.0232 0.4034 -0.1986 -0.0529 0.9966 0.0627 -0.0009 -0.4005 -0.0787 0.9129 -0.0126
1341836549.6515 0.9152 0.0239 0.4024 -0.1988 -0.0534 0.9966 0.0624 -0.0010 -0.3995 -0.0786 0.9134 -0.0129
1341836549.6834 0.9160 0.0236 0.4006 -0.1989 -0.0533 0.9966 0.0632 -0.0014 -0.3977 -0.0793 0.9141 -0.0134
1341836549.7192 0.9152 0.0260 0.4021 -0.2000 -0.0566 0.9963 0.0643 -0.0019 -0.3990 -0.0816 0.9133 -0.0127
1341836549.7514 0.9149 0.0275 0.4026 -0.2007 -0.0580 0.9963 0.0636 -0.0020 -0.3994 -0.0815 0.9132 -0.0124
1341836549.7875 0.9142 0.0273 0.4043 -0.2017 -0.0569 0.9965 0.0614 -0.0015 -0.4013 -0.0791 0.9125 -0.0119
1341836549.8193 0.9168 0.0290 0.3983 -0.2019 -0.0575 0.9966 0.0597 -0.0012 -0.3952 -0.0776 0.9153 -0.0123
1341836549.8517 0.9200 0.0309 0.3907 -0.2014 -0.0606 0.9961 0.0640 -0.0021 -0.3872 -0.0826 0.9183 -0.0134
1341836549.8874 0.9219 0.0305 0.3862 -0.2016 -0.0613 0.9958 0.0676 -0.0027 -0.3825 -0.0860 0.9199 -0.0139
1341836549.9195 0.9247 0.0308 0.3795 -0.2017 -0.0612 0.9958 0.0684 -0.0027 -0.3758 -0.0864 0.9227 -0.0140
1341836549.9554 0.9250 0.0336 0.3785 -0.2020 -0.0645 0.9955 0.0693 -0.0030 -0.3745 -0.0885 0.9230 -0.0135
1341836549.9874 0.9255 0.0363 0.3770 -0.2026 -0.0663 0.9955 0.0670 -0.0026 -0.3729 -0.0870 0.9238 -0.0129
1341836550.0194 0.9274 0.0368 0.3724 -0.2023 -0.0667 0.9955 0.0677 -0.0028 -0.3682 -0.0876 0.9256 -0.0132
1341836550.0553 0.9282 0.0356 0.3703 -0.2023 -0.0656 0.9955 0.0687 -0.0027 -0.3662 -0.0881 0.9264 -0.0135
1341836550.0874 0.9290 0.0365 0.3683 -0.2026 -0.0665 0.9954 0.0690 -0.0025 -0.3641 -0.0886 0.9271 -0.0132
1341836550.1194 0.9292 0.0404 0.3674 -0.2026 -0.0703 0.9952 0.0684 -0.0025 -0.3629 -0.0894 0.9275 -0.0130
1341836550.1554 0.9296 0.0407 0.3664 -0.2030 -0.0704 0.9952 0.0681 -0.0024 -0.3619 -0.0891 0.9279 -0.0129
1341836550.1873 0.9315 0.0400 0.3616 -0.2028 -0.0695 0.9952 0.0689 -0.0024 -0.3571 -0.0893 0.9298 -0.0128
1341836550.2234 0.9316 0.0390 0.3614 -0.2028 -0.0690 0.9951 0.0706 -0.0026 -0.3569 -0.0907 0.9297 -0.0127
1341836550.2554 0.9312 0.0379 0.3626 -0.2034 -0.0664 0.9956 0.0664 -0.0016 -0.3585 -0.0859 0.9296 -0.0120
1341836550.2876 0.9343 0.0375 0.3544 -0.2035 -0.0649 0.9957 0.0658 -0.0016 -0.3505 -0.0844 0.9328 -0.0122
1341836550.3205 0.9362 0.0410 0.3492 -0.2033 -0.0694 0.9952 0.0690 -0.0024 -0.3447 -0.0888 0.9345 -0.0122
1341836550.3525 0.9371 0.0475 0.3459 -0.2033 -0.0751 0.9949 0.0670 -0.0024 -0.3410 -0.0888 0.9359 -0.0123
1341836550.3846 0.9308 0.0468 0.3625 -0.2070 -0.0752 0.9951 0.0646 -0.0017 -0.3576 -0.0874 0.9298 -0.0104
1341836550.4204 0.9319 0.0440 0.3601 -0.2071 -0.0720 0.9953 0.0648 -0.0017 -0.3555 -0.0863 0.9307 -0.0105
1341836550.4524 0.9314 0.0439 0.3613 -0.2074 -0.0724 0.9952 0.0658 -0.0018 -0.3567 -0.0875 0.9301 -0.0099
1341836550.4844 0.9319 0.0435 0.3600 -0.2075 -0.0719 0.9952 0.0660 -0.0018 -0.3554 -0.0874 0.9306 -0.0100
1341836550.5204 0.9330 0.0420 0.3573 -0.2079 -0.0700 0.9954 0.0656 -0.0016 -0.3529 -0.0862 0.9317 -0.0097
1341836550.5524 0.9401 0.0374 0.3388 -0.2043 -0.0640 0.9957 0.0676 -0.0019 -0.3348 -0.0852 0.9384 -0.0107
1341836550.5885 0.9407 0.0366 0.3373 -0.2043 -0.0627 0.9958 0.0668 -0.0018 -0.3335 -0.0839 0.9390 -0.0105
1341836550.6204 0.9419 0.0360 0.3339 -0.2045 -0.0616 0.9959 0.0664 -0.0017 -0.3301 -0.0831 0.9403 -0.0102
1341836550.6527 0.9424 0.0356 0.3326 -0.2044 -0.0613 0.9959 0.0671 -0.0017 -0.3288 -0.0836 0.9407 -0.0101
1341836550.6884 0.9411 0.0346 0.3362 -0.2048 -0.0612 0.9958 0.0687 -0.0019 -0.3324 -0.0852 0.9393 -0.0098
1341836550.7204 0.9410 0.0325 0.3369 -0.2050 -0.0589 0.9959 0.0686 -0.0019 -0.3333 -0.0843 0.9391 -0.0095
1341836550.7524 0.9414 0.0312 0.3358 -0.2056 -0.0572 0.9961 0.0677 -0.0016 -0.3323 -0.0830 0.9395 -0.0088
1341836550.7886 0.9421 0.0337 0.3336 -0.2057 -0.0599 0.9959 0.0685 -0.0018 -0.3299 -0.0845 0.9402 -0.0084
1341836550.8204 0.9415 0.0333 0.3355 -0.2057 -0.0601 0.9958 0.0696 -0.0018 -0.3317 -0.0857 0.9395 -0.0082
1341836550.8564 0.9414 0.0324 0.3357 -0.2058 -0.0592 0.9958 0.0700 -0.0018 -0.3321 -0.0857 0.9394 -0.0082
1341836550.8883 0.9417 0.0350 0.3348 -0.2060 -0.0620 0.9956 0.0703 -0.0021 -0.3308 -0.0870 0.9397 -0.0080
1341836550.9204 0.9409 0.0350 0.3369 -0.2060 -0.0621 0.9956 0.0700 -0.0021 -0.3329 -0.0868 0.9389 -0.0081
1341836550.9563 0.9405 0.0351 0.3380 -0.2060 -0.0624 0.9956 0.0702 -0.0021 -0.3340 -0.0871 0.9385 -0.0081
1341836550.9885 0.9402 0.0321 0.3391 -0.2060 -0.0593 0.9958 0.0702 -0.0021 -0.3355 -0.0862 0.9381 -0.0082
1341836551.0206 0.9398 0.0319 0.3401 -0.2064 -0.0591 0.9958 0.0700 -0.0022 -0.3365 -0.0859 0.9378 -0.0080
1341836551.0564 0.9400 0.0345 0.3395 -0.2064 -0.0615 0.9957 0.0690 -0.0023 -0.3357 -0.0858 0.9381 -0.0082
1341836551.0884 0.9389 0.0337 0.3424 -0.2067 -0.0613 0.9956 0.0702 -0.0024 -0.3386 -0.0869 0.9369 -0.0079
1341836551.1244 0.9391 0.0322 0.3421 -0.2069 -0.0599 0.9957 0.0709 -0.0025 -0.3384 -0.0871 0.9370 -0.0079
1341836551.1564 0.9394 0.0337 0.3413 -0.2069 -0.0614 0.9956 0.0705 -0.0025 -0.3374 -0.0872 0.9373 -0.0080
1341836551.1883 0.9375 0.0355 0.3463 -0.2074 -0.0640 0.9954 0.0711 -0.0026 -0.3421 -0.0888 0.9354 -0.0075
1341836551.2244 0.9378 0.0339 0.3455 -0.2073 -0.0623 0.9955 0.0714 -0.0025 -0.3416 -0.0885 0.9357 -0.0074
1341836551.2563 0.9371 0.0332 0.3474 -0.2075 -0.0621 0.9954 0.0723 -0.0026 -0.3435 -0.0893 0.9349 -0.0069
1341836551.2923 0.9357 0.0330 0.3511 -0.2080 -0.0629 0.9953 0.0741 -0.0029 -0.3470 -0.0914 0.9334 -0.0070
1341836551.3268 0.9347 0.0322 0.3540 -0.2086 -0.0625 0.9953 0.0745 -0.0029 -0.3500 -0.0918 0.9323 -0.0066
1341836551.3564 0.9351 0.0296 0.3532 -0.2088 -0.0600 0.9953 0.0754 -0.0030 -0.3494 -0.0917 0.9325 -0.0067
1341836551.3923 0.9351 0.0287 0.3532 -0.2088 -0.0592 0.9954 0.0758 -0.0030 -0.3494 -0.0918 0.9325 -0.0067
1341836551.4244 0.9345 0.0278 0.3550 -0.2088 -0.0584 0.9954 0.0758 -0.0031 -0.3513 -0.0915 0.9318 -0.0068
1341836551.4563 0.9353 0.0239 0.3530 -0.2088 -0.0550 0.9954 0.0783 -0.0039 -0.3495 -0.0927 0.9323 -0.0071
1341836551.4925 0.9361 0.0224 0.3510 -0.2086 -0.0534 0.9955 0.0789 -0.0044 -0.3477 -0.0926 0.9330 -0.0072
1341836551.5247 0.9351 0.0236 0.3535 -0.2091 -0.0547 0.9954 0.0783 -0.0046 -0.3500 -0.0925 0.9322 -0.0066
1341836551.5605 0.9366 0.0239 0.3495 -0.2089 -0.0536 0.9957 0.0756 -0.0043 -0.3461 -0.0896 0.9339 -0.0071
1341836551.5925 0.9371 0.0238 0.3484 -0.2089 -0.0535 0.9957 0.0757 -0.0043 -0.3451 -0.0895 0.9343 -0.0071
1341836551.6245 0.9361 0.0163 0.3514 -0.2095 -0.0531 0.9940 0.0953 -0.0077 -0.3478 -0.1079 0.9314 -0.0061
1341836551.6605 0.9382 0.0180 0.3455 -0.2089 -0.0546 0.9938 0.0966 -0.0078 -0.3417 -0.1095 0.9334 -0.0070
1341836551.6925 0.9382 0.0208 0.3456 -0.2092 -0.0579 0.9936 0.0972 -0.0081 -0.3413 -0.1112 0.9333 -0.0069
1341836551.7244 0.9394 0.0203 0.3421 -0.2091 -0.0569 0.9936 0.0975 -0.0080 -0.3380 -0.1111 0.9346 -0.0074
1341836551.7603 0.9402 0.0211 0.3401 -0.2090 -0.0587 0.9932 0.1006 -0.0084 -0.3357 -0.1146 0.9350 -0.0076
1341836551.7923 0.9452 0.0183 0.3258 -0.2053 -0.0539 0.9935 0.1005 -0.0080 -0.3219 -0.1125 0.9401 -0.0083
1341836551.8284 0.9454 0.0183 0.3254 -0.2054 -0.0540 0.9934 0.1010 -0.0079 -0.3215 -0.1130 0.9402 -0.0083
1341836551.8605 0.9459 0.0194 0.3239 -0.2055 -0.0551 0.9933 0.1014 -0.0079 -0.3198 -0.1138 0.9406 -0.0081
1341836551.8925 0.9461 0.0182 0.3233 -0.2055 -0.0546 0.9931 0.1037 -0.0085 -0.3191 -0.1158 0.9406 -0.0083
1341836551.9283 0.9457 0.0193 0.3245 -0.2057 -0.0552 0.9933 0.1018 -0.0083 -0.3203 -0.1142 0.9404 -0.0079
1341836551.9605 0.9457 0.0182 0.3246 -0.2060 -0.0541 0.9933 0.1019 -0.0084 -0.3206 -0.1139 0.9404 -0.0077
1341836551.9923 0.9470 0.0169 0.3207 -0.2059 -0.0526 0.9933 0.1029 -0.0087 -0.3168 -0.1143 0.9416 -0.0079
1341836552.0286 0.9470 0.0192 0.3205 -0.2062 -0.0551 0.9931 0.1034 -0.0090 -0.3164 -0.1156 0.9416 -0.0075
1341836552.0603 0.9470 0.0196 0.3207 -0.2065 -0.0556 0.9931 0.1036 -0.0090 -0.3164 -0.1159 0.9415 -0.0076
1341836552.0966 0.9471 0.0185 0.3205 -0.2069 -0.0552 0.9929 0.1058 -0.0094 -0.3163 -0.1179 0.9413 -0.0076
1341836552.1315 0.9477 0.0182 0.3186 -0.2069 -0.0543 0.9930 0.1049 -0.0094 -0.3144 -0.1168 0.9421 -0.0076
1341836552.1635 0.9477 0.0196 0.3185 -0.2068 -0.0561 0.9928 0.1057 -0.0097 -0.3141 -0.1181 0.9420 -0.0075
1341836552.1993 0.9470 0.0174 0.3207 -0.2069 -0.0544 0.9928 0.1065 -0.0098 -0.3166 -0.1183 0.9412 -0.0076
1341836552.2314 0.9468 0.0148 0.3216 -0.2072 -0.0524 0.9927 0.1085 -0.0101 -0.3177 -0.1196 0.9406 -0.0076
1341836552.2642 0.9457 0.0152 0.3246 -0.2075 -0.0532 0.9927 0.1085 -0.0100 -0.3206 -0.1198 0.9396 -0.0074
1341836552.2993 0.9430 0.0141 0.3326 -0.2085 -0.0531 0.9927 0.1083 -0.0099 -0.3286 -0.1198 0.9368 -0.0066
1341836552.3313 0.9430 0.0110 0.3325 -0.2088 -0.0502 0.9927 0.1094 -0.0101 -0.3289 -0.1199 0.9367 -0.0070
1341836552.3644 0.9428 0.0145 0.3330 -0.2091 -0.0540 0.9925 0.1095 -0.0094 -0.3289 -0.1212 0.9366 -0.0072
1341836552.3993 0.9415 0.0177 0.3366 -0.2095 -0.0594 0.9917 0.1140 -0.0102 -0.3318 -0.1273 0.9347 -0.0070
1341836552.4314 0.9416 0.0137 0.3364 -0.2095 -0.0549 0.9920 0.1133 -0.0102 -0.3322 -0.1252 0.9349 -0.0071
1341836552.4674 0.9413 0.0067 0.3375 -0.2096 -0.0478 0.9923 0.1138 -0.0099 -0.3341 -0.1233 0.9344 -0.0071
1341836552.4992 0.9400 0.0053 0.3412 -0.2099 -0.0473 0.9922 0.1150 -0.0100 -0.3380 -0.1243 0.9329 -0.0069
1341836552.5324 0.9388 0.0042 0.3444 -0.2105 -0.0470 0.9921 0.1161 -0.0103 -0.3412 -0.1252 0.9316 -0.0065
1341836552.5674 0.9343 0.0027 0.3566 -0.2137 -0.0471 0.9922 0.1158 -0.0104 -0.3535 -0.1249 0.9271 -0.0050
1341836552.5994 0.9350 0.0012 0.3546 -0.2140 -0.0454 0.9922 0.1161 -0.0105 -0.3516 -0.1247 0.9278 -0.0050
1341836552.6355 0.9361 0.0087 0.3517 -0.2140 -0.0529 0.9918 0.1164 -0.0106 -0.3478 -0.1276 0.9288 -0.0050
1341836552.6674 0.9357 0.0086 0.3526 -0.2144 -0.0537 0.9915 0.1182 -0.0110 -0.3486 -0.1295 0.9283 -0.0050
1341836552.6993 0.9360 0.0018 0.3520 -0.2144 -0.0458 0.9921 0.1168 -0.0106 -0.3490 -0.1255 0.9287 -0.0048
1341836552.7354 0.9379 0.0010 0.3469 -0.2139 -0.0448 0.9920 0.1181 -0.0111 -0.3440 -0.1263 0.9304 -0.0054
1341836552.7682 0.9378 0.0027 0.3473 -0.2140 -0.0468 0.9919 0.1184 -0.0114 -0.3441 -0.1273 0.9303 -0.0056
1341836552.8035 0.9371 0.0005 0.3492 -0.2145 -0.0450 0.9918 0.1193 -0.0117 -0.3462 -0.1275 0.9294 -0.0057
1341836552.8355 0.9373 -0.0011 0.3485 -0.2147 -0.0430 0.9920 0.1188 -0.0117 -0.3458 -0.1263 0.9298 -0.0056
1341836552.8646 0.9370 -0.0011 0.3494 -0.2147 -0.0430 0.9920 0.1183 -0.0117 -0.3468 -0.1259 0.9295 -0.0056
1341836552.9005 0.9366 -0.0018 0.3504 -0.2147 -0.0423 0.9921 0.1184 -0.0117 -0.3478 -0.1257 0.9291 -0.0056
1341836552.9324 0.9358 -0.0041 0.3524 -0.2153 -0.0404 0.9921 0.1187 -0.0116 -0.3501 -0.1253 0.9283 -0.0053
1341836552.9644 0.9359 -0.0047 0.3522 -0.2153 -0.0402 0.9920 0.1199 -0.0116 -0.3500 -0.1264 0.9282 -0.0054
1341836553.0013 0.9349 -0.0043 0.3549 -0.2157 -0.0417 0.9917 0.1219 -0.0119 -0.3525 -0.1287 0.9269 -0.0052
1341836553.0324 0.9356 -0.0041 0.3529 -0.2158 -0.0418 0.9916 0.1223 -0.0119 -0.3505 -0.1292 0.9276 -0.0054
1341836553.0686 0.9377 -0.0032 0.3476 -0.2155 -0.0423 0.9915 0.1232 -0.0123 -0.3450 -0.1302 0.9295 -0.0062
1341836553.1004 0.9377 -0.0029 0.3475 -0.2155 -0.0426 0.9914 0.1233 -0.0124 -0.3449 -0.1305 0.9295 -0.0063
1341836553.1324 0.9371 -0.0030 0.3491 -0.2158 -0.0430 0.9914 0.1239 -0.0124 -0.3465 -0.1311 0.9289 -0.0064
1341836553.1689 0.9368 -0.0043 0.3498 -0.2161 -0.0426 0.9911 0.1261 -0.0128 -0.3472 -0.1330 0.9283 -0.0064
1341836553.2004 0.9369 -0.0040 0.3497 -0.2162 -0.0430 0.9910 0.1266 -0.0131 -0.3471 -0.1336 0.9283 -0.0065
1341836553.2324 0.9360 -0.0042 0.3520 -0.2166 -0.0436 0.9909 0.1276 -0.0132 -0.3493 -0.1348 0.9273 -0.0064
1341836553.2696 0.9358 -0.0046 0.3525 -0.2167 -0.0430 0.9909 0.1272 -0.0133 -0.3499 -0.1342 0.9271 -0.0062
1341836553.3004 0.9366 -0.0044 0.3505 -0.2167 -0.0425 0.9911 0.1261 -0.0133 -0.3479 -0.1331 0.9280 -0.0065
1341836553.3364 0.9362 -0.0049 0.3516 -0.2168 -0.0428 0.9909 0.1278 -0.0137 -0.3490 -0.1347 0.9274 -0.0064
1341836553.3685 0.9353 -0.0078 0.3537 -0.2173 -0.0406 0.9908 0.1291 -0.0140 -0.3514 -0.1351 0.9264 -0.0061
1341836553.4004 0.9261 -0.0036 0.3773 -0.2231 -0.0501 0.9899 0.1325 -0.0155 -0.3739 -0.1416 0.9166 -0.0053
1341836553.4364 0.9264 -0.0017 0.3766 -0.2233 -0.0520 0.9898 0.1323 -0.0155 -0.3730 -0.1422 0.9169 -0.0052
1341836553.4685 0.9262 -0.0017 0.3770 -0.2233 -0.0520 0.9899 0.1322 -0.0155 -0.3734 -0.1420 0.9168 -0.0053
1341836553.5045 0.9264 -0.0045 0.3765 -0.2240 -0.0487 0.9901 0.1316 -0.0154 -0.3733 -0.1403 0.9170 -0.0052
1341836553.5363 0.9266 -0.0034 0.3759 -0.2242 -0.0497 0.9901 0.1314 -0.0151 -0.3726 -0.1405 0.9173 -0.0043
1341836553.5685 0.9248 -0.0040 0.3804 -0.2248 -0.0499 0.9900 0.1318 -0.0151 -0.3772 -0.1408 0.9154 -0.0039
1341836553.6044 0.9248 -0.0030 0.3805 -0.2253 -0.0496 0.9905 0.1282 -0.0146 -0.3773 -0.1374 0.9158 -0.0036
1341836553.6365 0.9276 -0.0032 0.3735 -0.2253 -0.0477 0.9908 0.1267 -0.0147 -0.3705 -0.1354 0.9189 -0.0039
1341836553.6687 0.9262 -0.0008 0.3771 -0.2262 -0.0495 0.9911 0.1237 -0.0144 -0.3738 -0.1333 0.9179 -0.0042
1341836553.7044 0.9261 -0.0019 0.3773 -0.2263 -0.0480 0.9913 0.1226 -0.0140 -0.3742 -0.1316 0.9180 -0.0044
1341836553.7364 0.9259 -0.0025 0.3778 -0.2273 -0.0454 0.9920 0.1178 -0.0127 -0.3750 -0.1262 0.9184 -0.0040
1341836553.7724 0.9259 0.0014 0.3777 -0.2275 -0.0498 0.9917 0.1182 -0.0132 -0.3744 -0.1283 0.9183 -0.0033
1341836553.8053 0.9239 0.0012 0.3827 -0.2283 -0.0490 0.9921 0.1153 -0.0129 -0.3795 -0.1253 0.9167 -0.0016
1341836553.8364 0.9225 -0.0014 0.3860 -0.2293 -0.0467 0.9922 0.1152 -0.0133 -0.3832 -0.1243 0.9153 -0.0004
1341836553.8724 0.9212 -0.0021 0.3892 -0.2300 -0.0462 0.9923 0.1148 -0.0135 -0.3864 -0.1237 0.9140 0.0008
1341836553.9046 0.9212 0.0033 0.3891 -0.2303 -0.0513 0.9923 0.1130 -0.0136 -0.3857 -0.1241 0.9142 0.0014
1341836553.9364 0.9220 0.0089 0.3871 -0.2308 -0.0562 0.9922 0.1111 -0.0136 -0.3831 -0.1242 0.9153 0.0021
1341836553.9725 0.9241 0.0194 0.3818 -0.2308 -0.0608 0.9935 0.0965 -0.0112 -0.3774 -0.1124 0.9192 0.0022
1341836554.0045 0.9232 0.0270 0.3833 -0.2310 -0.0704 0.9925 0.0995 -0.0121 -0.3778 -0.1188 0.9182 0.0027
1341836554.0404 0.9227 0.0258 0.3847 -0.2310 -0.0689 0.9927 0.0986 -0.0121 -0.3793 -0.1175 0.9178 0.0028
1341836554.0753 0.9223 0.0209 0.3858 -0.2317 -0.0609 0.9939 0.0918 -0.0109 -0.3816 -0.1082 0.9180 0.0041
1341836554.1045 0.9238 0.0257 0.3821 -0.2317 -0.0644 0.9940 0.0888 -0.0107 -0.3775 -0.1066 0.9198 0.0044
1341836554.1404 0.9239 0.0284 0.3815 -0.2317 -0.0677 0.9936 0.0899 -0.0111 -0.3766 -0.1089 0.9200 0.0046
1341836554.1729 0.9242 0.0262 0.3811 -0.2319 -0.0652 0.9938 0.0898 -0.0110 -0.3763 -0.1079 0.9202 0.0051
1341836554.2092 0.9263 0.0285 0.3757 -0.2319 -0.0672 0.9936 0.0903 -0.0110 -0.3707 -0.1089 0.9223 0.0052
1341836554.2435 0.9265 0.0291 0.3752 -0.2315 -0.0680 0.9935 0.0910 -0.0114 -0.3701 -0.1098 0.9225 0.0053
1341836554.2783 0.9254 0.0256 0.3781 -0.2316 -0.0654 0.9935 0.0927 -0.0117 -0.3733 -0.1105 0.9211 0.0046
1341836554.3435 0.9260 0.0132 0.3772 -0.2309 -0.0525 0.9942 0.0940 -0.0121 -0.3738 -0.1068 0.9213 0.0047
1341836554.3724 0.9256 0.0141 0.3783 -0.2312 -0.0537 0.9941 0.0945 -0.0124 -0.3748 -0.1078 0.9208 0.0050
1341836554.4086 0.9188 0.0192 0.3944 -0.2352 -0.0622 0.9934 0.0967 -0.0130 -0.3899 -0.1134 0.9139 0.0070
1341836554.4407 0.9190 0.0216 0.3937 -0.2352 -0.0632 0.9937 0.0930 -0.0119 -0.3892 -0.1103 0.9145 0.0071
1341836554.4764 0.9188 0.0246 0.3941 -0.2353 -0.0669 0.9933 0.0941 -0.0118 -0.3891 -0.1128 0.9143 0.0072
1341836554.5118 0.9194 0.0244 0.3925 -0.2348 -0.0664 0.9934 0.0938 -0.0118 -0.3877 -0.1123 0.9149 0.0069
1341836554.5453 0.9190 0.0249 0.3936 -0.2345 -0.0675 0.9932 0.0948 -0.0118 -0.3885 -0.1137 0.9144 0.0065
1341836554.5764 0.9175 0.0184 0.3974 -0.2347 -0.0621 0.9933 0.0973 -0.0120 -0.3929 -0.1139 0.9125 0.0059
1341836554.6115 0.9171 0.0106 0.3985 -0.2347 -0.0542 0.9937 0.0983 -0.0120 -0.3950 -0.1117 0.9119 0.0057
1341836554.6435 0.9160 0.0093 0.4011 -0.2349 -0.0540 0.9935 0.1003 -0.0124 -0.3976 -0.1136 0.9105 0.0057
1341836554.6793 0.9158 0.0082 0.4015 -0.2347 -0.0530 0.9935 0.1007 -0.0123 -0.3980 -0.1135 0.9103 0.0056
1341836554.7114 0.9088 0.0072 0.4172 -0.2373 -0.0557 0.9930 0.1042 -0.0129 -0.4135 -0.1179 0.9028 0.0075
1341836554.7443 0.9055 0.0063 0.4244 -0.2384 -0.0554 0.9931 0.1035 -0.0125 -0.4208 -0.1172 0.8996 0.0080
1341836554.7792 0.9044 0.0060 0.4266 -0.2388 -0.0553 0.9931 0.1032 -0.0122 -0.4231 -0.1170 0.8985 0.0080
1341836554.8115 0.9041 0.0077 0.4272 -0.2389 -0.0588 0.9926 0.1067 -0.0129 -0.4232 -0.1216 0.8978 0.0080
1341836554.8444 0.9019 0.0070 0.4319 -0.2397 -0.0593 0.9924 0.1077 -0.0131 -0.4279 -0.1228 0.8955 0.0084
1341836554.8793 0.9010 0.0041 0.4337 -0.2405 -0.0574 0.9923 0.1099 -0.0134 -0.4299 -0.1239 0.8943 0.0085
1341836554.9113 0.9023 0.0063 0.4310 -0.2405 -0.0600 0.9920 0.1112 -0.0139 -0.4268 -0.1262 0.8955 0.0084
1341836554.9474 0.9022 0.0096 0.4312 -0.2407 -0.0641 0.9916 0.1120 -0.0142 -0.4265 -0.1287 0.8953 0.0084
1341836554.9794 0.9018 0.0066 0.4321 -0.2408 -0.0614 0.9917 0.1130 -0.0142 -0.4278 -0.1284 0.8947 0.0082
1341836555.0124 0.9017 0.0024 0.4324 -0.2410 -0.0589 0.9913 0.1174 -0.0150 -0.4283 -0.1313 0.8940 0.0084
1341836555.0474 0.9018 0.0037 0.4321 -0.2412 -0.0607 0.9911 0.1181 -0.0151 -0.4279 -0.1328 0.8940 0.0084
1341836555.0794 0.9005 0.0060 0.4348 -0.2417 -0.0644 0.9907 0.1198 -0.0155 -0.4300 -0.1359 0.8925 0.0088
1341836555.1153 0.8998 0.0051 0.4362 -0.2424 -0.0637 0.9907 0.1199 -0.0157 -0.4315 -0.1357 0.8918 0.0091
1341836555.1474 0.8996 0.0022 0.4367 -0.2425 -0.0625 0.9904 0.1237 -0.0165 -0.4322 -0.1385 0.8911 0.0091
1341836555.1793 0.8993 0.0019 0.4374 -0.2424 -0.0632 0.9901 0.1257 -0.0171 -0.4328 -0.1407 0.8904 0.0088
1341836555.2153 0.8929 0.0071 0.4501 -0.2458 -0.0707 0.9897 0.1246 -0.0169 -0.4446 -0.1431 0.8842 0.0104
1341836555.2475 0.8938 0.0101 0.4484 -0.2458 -0.0750 0.9890 0.1273 -0.0175 -0.4422 -0.1474 0.8847 0.0104
1341836555.2833 0.8934 0.0088 0.4493 -0.2455 -0.0739 0.9891 0.1276 -0.0176 -0.4432 -0.1472 0.8842 0.0103
1341836555.3155 0.8922 0.0074 0.4516 -0.2463 -0.0723 0.9893 0.1266 -0.0171 -0.4458 -0.1456 0.8832 0.0104
1341836555.3476 0.8924 0.0072 0.4511 -0.2464 -0.0728 0.9891 0.1283 -0.0173 -0.4453 -0.1474 0.8832 0.0106
1341836555.3834 0.8927 0.0070 0.4507 -0.2464 -0.0722 0.9892 0.1276 -0.0174 -0.4449 -0.1465 0.8835 0.0105
1341836555.4156 0.8927 0.0065 0.4506 -0.2467 -0.0717 0.9892 0.1277 -0.0175 -0.4449 -0.1463 0.8835 0.0107
1341836555.4517 0.8933 0.0087 0.4493 -0.2465 -0.0742 0.9890 0.1283 -0.0178 -0.4432 -0.1480 0.8841 0.0108
1341836555.4833 0.8911 0.0083 0.4537 -0.2468 -0.0741 0.9891 0.1275 -0.0174 -0.4477 -0.1472 0.8820 0.0112
1341836555.5156 0.8898 0.0032 0.4564 -0.2474 -0.0693 0.9893 0.1282 -0.0172 -0.4511 -0.1457 0.8805 0.0115
1341836555.5516 0.8903 0.0022 0.4553 -0.2469 -0.0695 0.9889 0.1311 -0.0179 -0.4500 -0.1483 0.8806 0.0114
1341836555.5834 0.8891 0.0014 0.4577 -0.2471 -0.0705 0.9885 0.1337 -0.0187 -0.4523 -0.1512 0.8790 0.0112
1341836555.6193 0.8878 0.0010 0.4602 -0.2478 -0.0713 0.9882 0.1355 -0.0192 -0.4546 -0.1532 0.8774 0.0118
1341836555.6518 0.8894 0.0004 0.4571 -0.2475 -0.0706 0.9881 0.1365 -0.0196 -0.4517 -0.1537 0.8789 0.0117
1341836555.6834 0.8904 -0.0026 0.4552 -0.2464 -0.0674 0.9882 0.1375 -0.0201 -0.4502 -0.1531 0.8797 0.0113
1341836555.7193 0.8875 -0.0040 0.4608 -0.2474 -0.0670 0.9882 0.1377 -0.0203 -0.4559 -0.1531 0.8768 0.0120
1341836555.7516 0.8877 -0.0040 0.4605 -0.2477 -0.0662 0.9884 0.1363 -0.0201 -0.4557 -0.1515 0.8772 0.0122
1341836555.7873 0.8881 -0.0040 0.4597 -0.2472 -0.0681 0.9878 0.1401 -0.0209 -0.4546 -0.1558 0.8770 0.0119
1341836555.8198 0.8850 -0.0050 0.4655 -0.2476 -0.0679 0.9879 0.1396 -0.0207 -0.4606 -0.1552 0.8739 0.0121
1341836555.8517 0.8834 -0.0101 0.4685 -0.2478 -0.0624 0.9883 0.1391 -0.0206 -0.4644 -0.1521 0.8725 0.0124
1341836555.8874 0.8825 -0.0123 0.4702 -0.2479 -0.0640 0.9872 0.1459 -0.0224 -0.4660 -0.1588 0.8704 0.0123
1341836555.9196 0.8759 -0.0141 0.4824 -0.2486 -0.0637 0.9875 0.1444 -0.0221 -0.4783 -0.1572 0.8640 0.0131
1341836555.9554 0.8687 -0.0184 0.4951 -0.2499 -0.0596 0.9882 0.1413 -0.0214 -0.4918 -0.1522 0.8573 0.0143
1341836555.9892 0.8663 -0.0228 0.4991 -0.2496 -0.0557 0.9883 0.1419 -0.0217 -0.4965 -0.1507 0.8549 0.0140
1341836556.0194 0.8598 -0.0261 0.5100 -0.2496 -0.0547 0.9882 0.1428 -0.0217 -0.5078 -0.1506 0.8482 0.0138
1341836556.0556 0.8528 -0.0269 0.5215 -0.2506 -0.0532 0.9890 0.1381 -0.0207 -0.5195 -0.1456 0.8420 0.0146
1341836556.0874 0.8493 -0.0311 0.5269 -0.2505 -0.0502 0.9890 0.1393 -0.0208 -0.5255 -0.1448 0.8384 0.0142
1341836556.1194 0.8415 -0.0350 0.5391 -0.2509 -0.0485 0.9890 0.1398 -0.0207 -0.5381 -0.1438 0.8306 0.0142
1341836556.1555 0.8351 -0.0386 0.5487 -0.2516 -0.0461 0.9891 0.1396 -0.0206 -0.5481 -0.1419 0.8243 0.0147
1341836556.1874 0.8255 -0.0435 0.5627 -0.2515 -0.0443 0.9890 0.1414 -0.0206 -0.5626 -0.1416 0.8145 0.0153
1341836556.2195 0.8161 -0.0496 0.5758 -0.2524 -0.0397 0.9892 0.1414 -0.0204 -0.5766 -0.1382 0.8053 0.0145
1341836556.2555 0.8132 -0.0509 0.5798 -0.2526 -0.0416 0.9885 0.1451 -0.0209 -0.5806 -0.1421 0.8017 0.0151
1341836556.2875 0.8138 -0.0508 0.5789 -0.2506 -0.0451 0.9876 0.1501 -0.0219 -0.5794 -0.1483 0.8015 0.0137
1341836556.3195 0.8050 -0.0512 0.5911 -0.2517 -0.0468 0.9877 0.1493 -0.0215 -0.5915 -0.1478 0.7927 0.0141
1341836556.3555 0.8003 -0.0531 0.5972 -0.2524 -0.0458 0.9877 0.1492 -0.0214 -0.5978 -0.1468 0.7881 0.0149
1341836556.3874 0.7993 -0.0510 0.5988 -0.2521 -0.0480 0.9878 0.1482 -0.0211 -0.5991 -0.1472 0.7871 0.0145
1341836556.4235 0.7964 -0.0470 0.6030 -0.2521 -0.0553 0.9871 0.1500 -0.0212 -0.6023 -0.1528 0.7835 0.0144
1341836556.4555 0.7957 -0.0475 0.6038 -0.2521 -0.0556 0.9870 0.1509 -0.0212 -0.6031 -0.1537 0.7827 0.0144
1341836556.4875 0.7952 -0.0491 0.6044 -0.2521 -0.0545 0.9869 0.1519 -0.0211 -0.6039 -0.1537 0.7821 0.0143
1341836556.5235 0.7912 -0.0498 0.6095 -0.2528 -0.0566 0.9864 0.1540 -0.0216 -0.6089 -0.1563 0.7777 0.0148
1341836556.5555 0.7897 -0.0499 0.6114 -0.2533 -0.0562 0.9866 0.1531 -0.0215 -0.6109 -0.1553 0.7763 0.0148
1341836556.5875 0.7895 -0.0510 0.6116 -0.2536 -0.0557 0.9865 0.1541 -0.0215 -0.6112 -0.1557 0.7760 0.0148
1341836556.6234 0.7892 -0.0506 0.6120 -0.2539 -0.0565 0.9864 0.1545 -0.0214 -0.6115 -0.1565 0.7756 0.0146
1341836556.6556 0.7895 -0.0512 0.6116 -0.2542 -0.0563 0.9863 0.1552 -0.0212 -0.6111 -0.1569 0.7758 0.0145
1341836556.6884 0.7881 -0.0497 0.6135 -0.2556 -0.0554 0.9870 0.1511 -0.0200 -0.6130 -0.1530 0.7751 0.0144
1341836556.7235 0.7914 -0.0507 0.6092 -0.2555 -0.0547 0.9867 0.1531 -0.0205 -0.6089 -0.1545 0.7781 0.0137
1341836556.7556 0.7923 -0.0480 0.6082 -0.2562 -0.0551 0.9872 0.1498 -0.0198 -0.6076 -0.1522 0.7795 0.0142
1341836556.7915 0.7973 -0.0454 0.6018 -0.2560 -0.0570 0.9870 0.1501 -0.0199 -0.6008 -0.1540 0.7844 0.0136
1341836556.8233 0.7990 -0.0453 0.5996 -0.2559 -0.0576 0.9868 0.1513 -0.0201 -0.5985 -0.1554 0.7859 0.0132
1341836556.8555 0.7981 -0.0460 0.6008 -0.2563 -0.0565 0.9870 0.1506 -0.0201 -0.5999 -0.1541 0.7851 0.0135
1341836556.8914 0.8010 -0.0479 0.5967 -0.2564 -0.0540 0.9869 0.1517 -0.0206 -0.5962 -0.1538 0.7880 0.0128
1341836556.9234 0.8022 -0.0462 0.5953 -0.2563 -0.0570 0.9865 0.1534 -0.0212 -0.5943 -0.1570 0.7888 0.0132
1341836556.9565 0.7998 -0.0446 0.5986 -0.2571 -0.0585 0.9867 0.1518 -0.0211 -0.5974 -0.1565 0.7865 0.0139
1341836556.9916 0.8036 -0.0434 0.5935 -0.2572 -0.0568 0.9872 0.1491 -0.0210 -0.5924 -0.1535 0.7909 0.0131
1341836557.0234 0.8050 -0.0375 0.5921 -0.2571 -0.0621 0.9872 0.1470 -0.0207 -0.5900 -0.1551 0.7923 0.0131
1341836557.0565 0.8050 -0.0390 0.5921 -0.2572 -0.0605 0.9872 0.1473 -0.0208 -0.5902 -0.1544 0.7923 0.0130
1341836557.0914 0.8057 -0.0353 0.5913 -0.2577 -0.0620 0.9877 0.1435 -0.0202 -0.5891 -0.1523 0.7936 0.0136
1341836557.1240 0.8070 -0.0303 0.5898 -0.2575 -0.0659 0.9878 0.1410 -0.0197 -0.5869 -0.1527 0.7952 0.0132
1341836557.1597 0.8040 -0.0298 0.5939 -0.2582 -0.0680 0.9876 0.1416 -0.0200 -0.5908 -0.1543 0.7919 0.0138
1341836557.1914 0.8023 -0.0295 0.5962 -0.2592 -0.0671 0.9880 0.1392 -0.0195 -0.5932 -0.1517 0.7907 0.0146
1341836557.2242 0.8045 -0.0277 0.5933 -0.2588 -0.0683 0.9880 0.1388 -0.0195 -0.5900 -0.1522 0.7929 0.0143
1341836557.2594 0.8039 -0.0283 0.5942 -0.2588 -0.0673 0.9881 0.1381 -0.0195 -0.5910 -0.1510 0.7924 0.0143
1341836557.2913 0.8038 -0.0291 0.5942 -0.2592 -0.0659 0.9883 0.1376 -0.0196 -0.5912 -0.1497 0.7925 0.0143
1341836557.3273 0.8060 -0.0279 0.5912 -0.2592 -0.0668 0.9882 0.1377 -0.0198 -0.5881 -0.1504 0.7947 0.0139
1341836557.3594 0.8040 -0.0269 0.5940 -0.2597 -0.0696 0.9878 0.1390 -0.0202 -0.5905 -0.1531 0.7924 0.0144
1341836557.3915 0.8030 -0.0288 0.5953 -0.2609 -0.0676 0.9880 0.1390 -0.0203 -0.5921 -0.1519 0.7914 0.0144
1341836557.4274 0.8057 -0.0302 0.5916 -0.2611 -0.0673 0.9876 0.1421 -0.0210 -0.5885 -0.1543 0.7936 0.0139
1341836557.4593 0.8042 -0.0347 0.5933 -0.2622 -0.0641 0.9874 0.1447 -0.0215 -0.5909 -0.1544 0.7919 0.0143
1341836557.4954 0.8083 -0.0341 0.5877 -0.2626 -0.0579 0.9889 0.1369 -0.0200 -0.5859 -0.1447 0.7974 0.0140
1341836557.5274 0.8100 -0.0296 0.5857 -0.2632 -0.0640 0.9883 0.1383 -0.0204 -0.5830 -0.1495 0.7986 0.0145
1341836557.5598 0.8100 -0.0310 0.5857 -0.2645 -0.0605 0.9888 0.1361 -0.0195 -0.5834 -0.1457 0.7990 0.0145
1341836557.5953 0.8154 -0.0331 0.5780 -0.2647 -0.0593 0.9883 0.1403 -0.0204 -0.5759 -0.1486 0.8039 0.0140
1341836557.6275 0.8172 -0.0307 0.5756 -0.2650 -0.0630 0.9878 0.1421 -0.0208 -0.5729 -0.1524 0.8053 0.0139
1341836557.6635 0.8184 -0.0303 0.5739 -0.2657 -0.0631 0.9878 0.1421 -0.0210 -0.5712 -0.1525 0.8065 0.0136
1341836557.6954 0.8187 -0.0291 0.5735 -0.2666 -0.0645 0.9877 0.1423 -0.0211 -0.5706 -0.1535 0.8068 0.0142
1341836557.7276 0.8210 -0.0298 0.5702 -0.2668 -0.0631 0.9878 0.1425 -0.0214 -0.5674 -0.1530 0.8091 0.0136
1341836557.7634 0.8212 -0.0253 0.5700 -0.2675 -0.0686 0.9874 0.1426 -0.0217 -0.5665 -0.1563 0.8091 0.0142
1341836557.7956 0.8157 -0.0254 0.5779 -0.2704 -0.0730 0.9865 0.1464 -0.0229 -0.5739 -0.1616 0.8028 0.0158
1341836557.8314 0.8164 -0.0248 0.5769 -0.2713 -0.0748 0.9861 0.1482 -0.0232 -0.5726 -0.1641 0.8032 0.0165
1341836557.8635 0.8168 -0.0197 0.5766 -0.2716 -0.0809 0.9856 0.1483 -0.0234 -0.5712 -0.1677 0.8035 0.0171
1341836557.8956 0.8173 -0.0204 0.5759 -0.2717 -0.0794 0.9859 0.1476 -0.0235 -0.5708 -0.1664 0.8041 0.0170
1341836557.9315 0.8144 -0.0236 0.5799 -0.2735 -0.0757 0.9863 0.1464 -0.0232 -0.5754 -0.1631 0.8014 0.0182
1341836557.9635 0.8185 -0.0215 0.5740 -0.2735 -0.0771 0.9862 0.1468 -0.0237 -0.5693 -0.1644 0.8056 0.0175
1341836557.9993 0.8173 -0.0169 0.5760 -0.2741 -0.0831 0.9857 0.1468 -0.0240 -0.5702 -0.1679 0.8042 0.0180
1341836558.0315 0.8069 -0.0123 0.5906 -0.2781 -0.0897 0.9856 0.1431 -0.0234 -0.5838 -0.1685 0.7942 0.0206
1341836558.0634 0.8119 -0.0165 0.5836 -0.2780 -0.0829 0.9862 0.1432 -0.0233 -0.5779 -0.1647 0.7993 0.0208
1341836558.0993 0.8131 -0.0153 0.5819 -0.2782 -0.0852 0.9857 0.1450 -0.0240 -0.5758 -0.1675 0.8002 0.0213
1341836558.1314 0.8031 -0.0142 0.5957 -0.2817 -0.0932 0.9844 0.1491 -0.0252 -0.5885 -0.1753 0.7893 0.0241
1341836558.1674 0.7970 -0.0144 0.6038 -0.2842 -0.0915 0.9853 0.1443 -0.0240 -0.5970 -0.1702 0.7839 0.0258
1341836558.1993 0.7999 -0.0193 0.5998 -0.2843 -0.0890 0.9846 0.1503 -0.0251 -0.5935 -0.1736 0.7859 0.0258
1341836558.2313 0.7999 -0.0185 0.5998 -0.2845 -0.0930 0.9836 0.1543 -0.0262 -0.5929 -0.1792 0.7851 0.0260
1341836558.2674 0.7966 -0.0146 0.6043 -0.2859 -0.0970 0.9837 0.1517 -0.0260 -0.5967 -0.1795 0.7821 0.0268
1341836558.2994 0.7952 -0.0159 0.6062 -0.2871 -0.0973 0.9833 0.1535 -0.0264 -0.5985 -0.1811 0.7804 0.0275
1341836558.3313 0.7954 -0.0168 0.6058 -0.2872 -0.0968 0.9833 0.1543 -0.0266 -0.5982 -0.1814 0.7805 0.0279
1341836558.3675 0.7946 -0.0155 0.6070 -0.2875 -0.0984 0.9832 0.1540 -0.0266 -0.5991 -0.1821 0.7797 0.0280
1341836558.3995 0.7935 -0.0149 0.6084 -0.2883 -0.0978 0.9836 0.1516 -0.0261 -0.6007 -0.1798 0.7790 0.0282
1341836558.4314 0.7930 -0.0170 0.6090 -0.2887 -0.0948 0.9840 0.1508 -0.0254 -0.6018 -0.1773 0.7787 0.0283
1341836558.4673 0.7929 -0.0157 0.6092 -0.2889 -0.0979 0.9834 0.1527 -0.0256 -0.6015 -0.1807 0.7782 0.0286
1341836558.4992 0.7916 -0.0090 0.6109 -0.2898 -0.1036 0.9834 0.1487 -0.0248 -0.6021 -0.1810 0.7776 0.0296
1341836558.5315 0.7919 -0.0064 0.6107 -0.2901 -0.1055 0.9835 0.1472 -0.0243 -0.6015 -0.1810 0.7781 0.0304
1341836558.5674 0.7920 -0.0069 0.6105 -0.2903 -0.1064 0.9831 0.1491 -0.0248 -0.6012 -0.1830 0.7778 0.0309
1341836558.5993 0.7931 -0.0055 0.6090 -0.2904 -0.1071 0.9831 0.1484 -0.0248 -0.5996 -0.1830 0.7791 0.0308
1341836558.6354 0.7930 -0.0044 0.6092 -0.2907 -0.1074 0.9833 0.1469 -0.0243 -0.5997 -0.1820 0.7793 0.0309
1341836558.6673 0.7926 -0.0066 0.6097 -0.2908 -0.1072 0.9829 0.1500 -0.0247 -0.6002 -0.1843 0.7783 0.0311
1341836558.6993 0.7912 -0.0071 0.6115 -0.2917 -0.1085 0.9824 0.1518 -0.0250 -0.6018 -0.1865 0.7766 0.0318
1341836558.7353 0.7938 -0.0013 0.6082 -0.2912 -0.1124 0.9825 0.1488 -0.0241 -0.5977 -0.1864 0.7797 0.0322
1341836558.7672 0.7928 -0.0025 0.6095 -0.2913 -0.1118 0.9824 0.1494 -0.0240 -0.5992 -0.1866 0.7786 0.0322
1341836558.7994 0.7910 -0.0072 0.6118 -0.2920 -0.1060 0.9832 0.1486 -0.0233 -0.6026 -0.1824 0.7769 0.0329
1341836558.8355 0.7926 -0.0087 0.6097 -0.2916 -0.1057 0.9828 0.1515 -0.0237 -0.6005 -0.1845 0.7780 0.0330
1341836558.8675 0.7916 -0.0089 0.6110 -0.2913 -0.1076 0.9823 0.1536 -0.0243 -0.6015 -0.1873 0.7766 0.0331
1341836558.9003 0.7872 -0.0121 0.6166 -0.2923 -0.1055 0.9824 0.1539 -0.0245 -0.6076 -0.1862 0.7721 0.0336
1341836558.9357 0.7868 -0.0163 0.6170 -0.2924 -0.1023 0.9824 0.1565 -0.0251 -0.6087 -0.1863 0.7712 0.0342
1341836558.9675 0.7867 -0.0144 0.6171 -0.2925 -0.1042 0.9823 0.1558 -0.0251 -0.6084 -0.1869 0.7713 0.0342
1341836559.0002 0.7859 -0.0154 0.6181 -0.2925 -0.1034 0.9823 0.1560 -0.0251 -0.6096 -0.1865 0.7705 0.0341
1341836559.0353 0.7795 -0.0128 0.6263 -0.2943 -0.1012 0.9841 0.1460 -0.0229 -0.6182 -0.1772 0.7658 0.0347
1341836559.0674 0.7801 -0.0167 0.6254 -0.2944 -0.0972 0.9843 0.1474 -0.0229 -0.6180 -0.1758 0.7662 0.0347
1341836559.1003 0.7801 -0.0184 0.6254 -0.2942 -0.0965 0.9841 0.1492 -0.0232 -0.6182 -0.1768 0.7659 0.0347
1341836559.1353 0.7793 -0.0190 0.6264 -0.2943 -0.0963 0.9840 0.1496 -0.0232 -0.6192 -0.1769 0.7650 0.0347
1341836559.1684 0.7774 -0.0234 0.6285 -0.2946 -0.0938 0.9838 0.1526 -0.0238 -0.6219 -0.1776 0.7627 0.0352
1341836559.2034 0.7764 -0.0266 0.6297 -0.2951 -0.0921 0.9836 0.1552 -0.0244 -0.6235 -0.1785 0.7612 0.0356
1341836559.2354 0.7774 -0.0268 0.6284 -0.2949 -0.0925 0.9834 0.1562 -0.0245 -0.6222 -0.1796 0.7620 0.0354
1341836559.2682 0.7766 -0.0264 0.6294 -0.2948 -0.0948 0.9828 0.1582 -0.0250 -0.6228 -0.1825 0.7608 0.0352
1341836559.3034 0.7713 -0.0300 0.6357 -0.2966 -0.0926 0.9830 0.1587 -0.0248 -0.6296 -0.1813 0.7554 0.0362
1341836559.3355 0.7774 -0.0303 0.6283 -0.2957 -0.0916 0.9828 0.1607 -0.0247 -0.6223 -0.1824 0.7612 0.0355
1341836559.3718 0.7818 -0.0269 0.6229 -0.2931 -0.0895 0.9839 0.1549 -0.0232 -0.6171 -0.1769 0.7668 0.0347
1341836559.4083 0.7752 -0.0235 0.6313 -0.2951 -0.0825 0.9870 0.1380 -0.0194 -0.6263 -0.1591 0.7632 0.0348
1341836559.4393 0.7765 -0.0245 0.6297 -0.2958 -0.0827 0.9866 0.1403 -0.0197 -0.6247 -0.1610 0.7641 0.0350
1341836559.4718 0.7786 -0.0234 0.6271 -0.2952 -0.0883 0.9853 0.1464 -0.0211 -0.6213 -0.1694 0.7650 0.0347
1341836559.5037 0.7688 -0.0183 0.6393 -0.2975 -0.0897 0.9866 0.1361 -0.0191 -0.6332 -0.1620 0.7569 0.0362
1341836559.5393 0.7686 -0.0185 0.6395 -0.2983 -0.0866 0.9874 0.1326 -0.0185 -0.6339 -0.1574 0.7572 0.0365
1341836559.5714 0.7701 -0.0192 0.6377 -0.2979 -0.0855 0.9874 0.1330 -0.0187 -0.6322 -0.1569 0.7587 0.0360
1341836559.6034 0.7792 -0.0211 0.6264 -0.2949 -0.0824 0.9873 0.1358 -0.0195 -0.6213 -0.1575 0.7676 0.0338
1341836559.6394 0.7810 -0.0207 0.6241 -0.2950 -0.0835 0.9870 0.1372 -0.0195 -0.6189 -0.1592 0.7692 0.0338
1341836559.6723 0.7837 -0.0214 0.6207 -0.2942 -0.0831 0.9868 0.1389 -0.0196 -0.6155 -0.1604 0.7716 0.0336
1341836559.7074 0.7822 -0.0234 0.6226 -0.2941 -0.0835 0.9864 0.1419 -0.0205 -0.6174 -0.1629 0.7696 0.0339
1341836559.7395 0.7804 -0.0230 0.6249 -0.2947 -0.0818 0.9870 0.1385 -0.0200 -0.6199 -0.1592 0.7683 0.0343
1341836559.7714 0.7787 -0.0224 0.6270 -0.2955 -0.0818 0.9872 0.1370 -0.0196 -0.6220 -0.1580 0.7669 0.0351
1341836559.8073 0.7797 -0.0184 0.6259 -0.2955 -0.0866 0.9868 0.1369 -0.0197 -0.6202 -0.1609 0.7678 0.0352
1341836559.8393 0.7797 -0.0188 0.6259 -0.2952 -0.0854 0.9870 0.1360 -0.0193 -0.6203 -0.1595 0.7680 0.0348
1341836559.8754 0.7795 -0.0283 0.6258 -0.2949 -0.0750 0.9876 0.1381 -0.0191 -0.6219 -0.1546 0.7677 0.0343
1341836559.9073 0.7787 -0.0315 0.6266 -0.2952 -0.0738 0.9872 0.1413 -0.0196 -0.6230 -0.1562 0.7664 0.0347
1341836559.9395 0.7792 -0.0290 0.6261 -0.2949 -0.0777 0.9868 0.1424 -0.0202 -0.6219 -0.1596 0.7666 0.0347
1341836559.9754 0.7781 -0.0288 0.6275 -0.2952 -0.0781 0.9868 0.1420 -0.0202 -0.6233 -0.1595 0.7656 0.0347
1341836560.0075 0.7776 -0.0311 0.6280 -0.2954 -0.0763 0.9867 0.1434 -0.0205 -0.6241 -0.1595 0.7649 0.0349
1341836560.0438 0.7785 -0.0327 0.6268 -0.2947 -0.0755 0.9865 0.1452 -0.0210 -0.6231 -0.1603 0.7655 0.0345
1341836560.0755 0.7742 -0.0329 0.6320 -0.2950 -0.0747 0.9869 0.1429 -0.0205 -0.6285 -0.1579 0.7616 0.0348
1341836560.1046 0.7725 -0.0362 0.6340 -0.2954 -0.0712 0.9871 0.1431 -0.0204 -0.6310 -0.1557 0.7600 0.0348
1341836560.1405 0.7732 -0.0389 0.6329 -0.2949 -0.0678 0.9873 0.1435 -0.0204 -0.6305 -0.1539 0.7608 0.0345
1341836560.1725 0.7693 -0.0458 0.6373 -0.2952 -0.0594 0.9880 0.1427 -0.0204 -0.6362 -0.1477 0.7573 0.0346
1341836560.2044 0.7583 -0.0499 0.6499 -0.2964 -0.0552 0.9886 0.1403 -0.0204 -0.6495 -0.1423 0.7469 0.0365
1341836560.2405 0.7574 -0.0517 0.6509 -0.2964 -0.0513 0.9891 0.1382 -0.0204 -0.6510 -0.1381 0.7465 0.0367
1341836560.2724 0.7601 -0.0535 0.6475 -0.2955 -0.0511 0.9886 0.1417 -0.0217 -0.6477 -0.1408 0.7487 0.0352
1341836560.3044 0.7450 -0.0554 0.6648 -0.2970 -0.0532 0.9884 0.1420 -0.0216 -0.6650 -0.1412 0.7334 0.0377
1341836560.3404 0.7422 -0.0597 0.6675 -0.2972 -0.0474 0.9888 0.1412 -0.0214 -0.6685 -0.1365 0.7311 0.0378
1341836560.3723 0.7409 -0.0579 0.6691 -0.2961 -0.0516 0.9884 0.1427 -0.0213 -0.6696 -0.1403 0.7293 0.0379
1341836560.4084 0.7331 -0.0564 0.6778 -0.2969 -0.0550 0.9884 0.1417 -0.0209 -0.6779 -0.1411 0.7215 0.0390
1341836560.4405 0.7337 -0.0534 0.6774 -0.2969 -0.0567 0.9886 0.1394 -0.0203 -0.6771 -0.1407 0.7223 0.0388
1341836560.4723 0.7308 -0.0538 0.6805 -0.2968 -0.0601 0.9879 0.1427 -0.0205 -0.6799 -0.1452 0.7188 0.0393
1341836560.5083 0.7298 -0.0528 0.6817 -0.2968 -0.0608 0.9881 0.1416 -0.0201 -0.6810 -0.1448 0.7178 0.0392
1341836560.5403 0.7293 -0.0524 0.6822 -0.2970 -0.0618 0.9879 0.1421 -0.0199 -0.6814 -0.1458 0.7172 0.0391
1341836560.5735 0.7298 -0.0524 0.6817 -0.2970 -0.0626 0.9877 0.1430 -0.0199 -0.6808 -0.1470 0.7176 0.0388
1341836560.6083 0.7290 -0.0506 0.6827 -0.2974 -0.0666 0.9873 0.1442 -0.0199 -0.6813 -0.1506 0.7163 0.0390
1341836560.6404 0.7287 -0.0503 0.6829 -0.2977 -0.0679 0.9871 0.1451 -0.0199 -0.6814 -0.1521 0.7159 0.0388
1341836560.6763 0.7278 -0.0491 0.6840 -0.2983 -0.0674 0.9875 0.1426 -0.0190 -0.6825 -0.1499 0.7154 0.0392
1341836560.7084 0.7280 -0.0428 0.6842 -0.2997 -0.0735 0.9874 0.1399 -0.0184 -0.6816 -0.1521 0.7157 0.0389
1341836560.7405 0.7308 -0.0421 0.6813 -0.2996 -0.0739 0.9874 0.1402 -0.0178 -0.6786 -0.1528 0.7185 0.0380
1341836560.7763 0.7303 -0.0421 0.6819 -0.2998 -0.0750 0.9871 0.1413 -0.0177 -0.6790 -0.1543 0.7177 0.0378
1341836560.8083 0.7297 -0.0444 0.6823 -0.3001 -0.0729 0.9871 0.1422 -0.0175 -0.6799 -0.1535 0.7171 0.0374
1341836560.8404 0.7311 -0.0509 0.6803 -0.2999 -0.0692 0.9865 0.1482 -0.0181 -0.6787 -0.1554 0.7178 0.0366
1341836560.8763 0.7296 -0.0517 0.6819 -0.3001 -0.0713 0.9859 0.1511 -0.0186 -0.6801 -0.1589 0.7157 0.0367
1341836560.9084 0.7280 -0.0512 0.6836 -0.3006 -0.0742 0.9855 0.1528 -0.0190 -0.6815 -0.1620 0.7137 0.0370
1341836560.9444 0.7292 -0.0485 0.6825 -0.3009 -0.0760 0.9856 0.1511 -0.0186 -0.6800 -0.1621 0.7150 0.0373
1341836560.9763 0.7283 -0.0456 0.6837 -0.3011 -0.0827 0.9846 0.1538 -0.0195 -0.6802 -0.1685 0.7133 0.0377
1341836561.0086 0.7264 -0.0451 0.6858 -0.3015 -0.0825 0.9849 0.1520 -0.0194 -0.6824 -0.1670 0.7117 0.0382
1341836561.0444 0.7240 -0.0430 0.6884 -0.3024 -0.0826 0.9855 0.1484 -0.0187 -0.6848 -0.1644 0.7099 0.0390
1341836561.0764 0.7249 -0.0389 0.6877 -0.3025 -0.0884 0.9849 0.1489 -0.0190 -0.6831 -0.1688 0.7105 0.0389
1341836561.1124 0.7253 -0.0376 0.6874 -0.3025 -0.0903 0.9847 0.1492 -0.0190 -0.6825 -0.1702 0.7108 0.0384
1341836561.1443 0.7225 -0.0430 0.6900 -0.3032 -0.0868 0.9845 0.1522 -0.0191 -0.6859 -0.1698 0.7076 0.0387
1341836561.1766 0.7227 -0.0452 0.6896 -0.3033 -0.0851 0.9844 0.1537 -0.0192 -0.6859 -0.1698 0.7076 0.0388
1341836561.2124 0.7225 -0.0433 0.6900 -0.3035 -0.0879 0.9842 0.1538 -0.0193 -0.6857 -0.1718 0.7073 0.0388
1341836561.2444 0.7149 -0.0395 0.6981 -0.3059 -0.0927 0.9842 0.1506 -0.0186 -0.6931 -0.1724 0.6999 0.0408
1341836561.2763 0.7162 -0.0408 0.6967 -0.3067 -0.0923 0.9840 0.1526 -0.0189 -0.6918 -0.1736 0.7010 0.0410
1341836561.3124 0.7166 -0.0396 0.6963 -0.3069 -0.0935 0.9839 0.1522 -0.0188 -0.6912 -0.1741 0.7014 0.0410
1341836561.3445 0.7147 -0.0342 0.6986 -0.3077 -0.1000 0.9835 0.1505 -0.0186 -0.6923 -0.1774 0.6995 0.0417
1341836561.3804 0.7142 -0.0300 0.6993 -0.3087 -0.1052 0.9831 0.1496 -0.0187 -0.6920 -0.1804 0.6990 0.0426
1341836561.4125 0.7168 -0.0263 0.6968 -0.3088 -0.1098 0.9826 0.1501 -0.0191 -0.6886 -0.1841 0.7014 0.0430
1341836561.4444 0.7180 -0.0234 0.6957 -0.3087 -0.1118 0.9826 0.1484 -0.0188 -0.6870 -0.1843 0.7029 0.0428
1341836561.4805 0.7164 -0.0222 0.6973 -0.3092 -0.1140 0.9823 0.1484 -0.0189 -0.6883 -0.1858 0.7012 0.0429
1341836561.5123 0.7151 -0.0242 0.6986 -0.3098 -0.1136 0.9821 0.1502 -0.0191 -0.6897 -0.1868 0.6996 0.0434
1341836561.5444 0.7159 -0.0245 0.6978 -0.3097 -0.1135 0.9820 0.1509 -0.0193 -0.6889 -0.1873 0.7003 0.0433
1341836561.5804 0.7165 -0.0223 0.6972 -0.3093 -0.1181 0.9812 0.1528 -0.0200 -0.6875 -0.1918 0.7004 0.0432
1341836561.6124 0.7141 -0.0229 0.6997 -0.3098 -0.1177 0.9813 0.1522 -0.0201 -0.6901 -0.1910 0.6981 0.0436
1341836561.6483 0.7141 -0.0243 0.6996 -0.3097 -0.1158 0.9815 0.1522 -0.0202 -0.6904 -0.1897 0.6981 0.0434
1341836561.6803 0.7151 -0.0236 0.6986 -0.3082 -0.1156 0.9817 0.1515 -0.0202 -0.6894 -0.1891 0.6992 0.0425
1341836561.7124 0.7131 -0.0254 0.7006 -0.3081 -0.1157 0.9814 0.1533 -0.0207 -0.6914 -0.1903 0.6969 0.0429
1341836561.7485 0.7123 -0.0263 0.7014 -0.3085 -0.1144 0.9816 0.1529 -0.0208 -0.6925 -0.1892 0.6962 0.0433
1341836561.7804 0.7075 -0.0276 0.7062 -0.3096 -0.1159 0.9812 0.1545 -0.0213 -0.6972 -0.1912 0.6909 0.0440
1341836561.8127 0.6990 -0.0254 0.7146 -0.3109 -0.1166 0.9819 0.1489 -0.0205 -0.7055 -0.1875 0.6834 0.0450
1341836561.8486 0.6998 -0.0255 0.7139 -0.3110 -0.1157 0.9821 0.1484 -0.0205 -0.7049 -0.1864 0.6844 0.0450
1341836561.8803 0.6996 -0.0257 0.7141 -0.3109 -0.1151 0.9822 0.1482 -0.0205 -0.7052 -0.1858 0.6842 0.0447
1341836561.9163 0.6943 -0.0267 0.7191 -0.3114 -0.1153 0.9823 0.1477 -0.0204 -0.7104 -0.1855 0.6790 0.0455
1341836561.9513 0.6909 -0.0270 0.7225 -0.3122 -0.1148 0.9825 0.1465 -0.0204 -0.7138 -0.1841 0.6757 0.0462
1341836562.0193 0.6936 -0.0254 0.7199 -0.3129 -0.1153 0.9826 0.1458 -0.0207 -0.7110 -0.1841 0.6786 0.0457
1341836562.0484 0.6911 -0.0236 0.7224 -0.3135 -0.1173 0.9825 0.1444 -0.0205 -0.7131 -0.1845 0.6763 0.0461
1341836562.0806 0.6897 -0.0257 0.7236 -0.3139 -0.1153 0.9827 0.1447 -0.0206 -0.7148 -0.1832 0.6749 0.0461
1341836562.1164 0.6885 -0.0265 0.7248 -0.3140 -0.1144 0.9829 0.1445 -0.0205 -0.7162 -0.1824 0.6737 0.0459
1341836562.1484 0.6874 -0.0256 0.7258 -0.3142 -0.1162 0.9826 0.1447 -0.0205 -0.7169 -0.1838 0.6725 0.0457
1341836562.1845 0.6857 -0.0273 0.7274 -0.3147 -0.1146 0.9828 0.1449 -0.0204 -0.7188 -0.1827 0.6707 0.0458
1341836562.2193 0.6847 -0.0310 0.7281 -0.3150 -0.1124 0.9826 0.1476 -0.0208 -0.7201 -0.1829 0.6694 0.0458
1341836562.2514 0.6855 -0.0312 0.7274 -0.3149 -0.1142 0.9821 0.1498 -0.0213 -0.7190 -0.1858 0.6697 0.0452
1341836562.2874 0.6823 -0.0315 0.7304 -0.3154 -0.1133 0.9825 0.1481 -0.0208 -0.7223 -0.1838 0.6667 0.0454
1341836562.3193 0.6806 -0.0403 0.7316 -0.3156 -0.1088 0.9819 0.1553 -0.0219 -0.7246 -0.1853 0.6638 0.0458
1341836562.3522 0.6779 -0.0420 0.7339 -0.3157 -0.1065 0.9822 0.1545 -0.0218 -0.7274 -0.1829 0.6614 0.0458
1341836562.3877 0.6806 -0.0409 0.7316 -0.3155 -0.1074 0.9821 0.1548 -0.0218 -0.7248 -0.1839 0.6640 0.0453
1341836562.4193 0.6852 -0.0384 0.7274 -0.3157 -0.1094 0.9818 0.1549 -0.0219 -0.7201 -0.1857 0.6685 0.0448
1341836562.4554 0.6873 -0.0369 0.7254 -0.3153 -0.1117 0.9815 0.1558 -0.0218 -0.7177 -0.1881 0.6705 0.0443
1341836562.4873 0.6868 -0.0412 0.7257 -0.3154 -0.1101 0.9810 0.1599 -0.0224 -0.7185 -0.1897 0.6692 0.0440
1341836562.5195 0.6861 -0.0418 0.7263 -0.3162 -0.1092 0.9811 0.1596 -0.0221 -0.7192 -0.1888 0.6686 0.0444
1341836562.5555 0.6925 -0.0408 0.7203 -0.3157 -0.1121 0.9802 0.1634 -0.0229 -0.7126 -0.1939 0.6742 0.0438
1341836562.5874 0.6815 -0.0334 0.7310 -0.3182 -0.1191 0.9806 0.1558 -0.0214 -0.7220 -0.1933 0.6643 0.0456
1341836562.6234 0.6815 -0.0351 0.7310 -0.3182 -0.1171 0.9807 0.1562 -0.0214 -0.7224 -0.1921 0.6642 0.0456
1341836562.6568 0.6820 -0.0402 0.7302 -0.3177 -0.1128 0.9808 0.1593 -0.0218 -0.7226 -0.1911 0.6644 0.0453
1341836562.6874 0.6778 -0.0441 0.7339 -0.3175 -0.1119 0.9804 0.1622 -0.0222 -0.7267 -0.1921 0.6596 0.0458
1341836562.7234 0.6743 -0.0456 0.7371 -0.3178 -0.1111 0.9805 0.1622 -0.0223 -0.7301 -0.1912 0.6561 0.0463
1341836562.7553 0.6746 -0.0470 0.7366 -0.3178 -0.1098 0.9805 0.1631 -0.0225 -0.7299 -0.1910 0.6563 0.0460
1341836562.7878 0.6728 -0.0463 0.7384 -0.3174 -0.1106 0.9805 0.1623 -0.0221 -0.7315 -0.1909 0.6546 0.0463
1341836562.8235 0.6675 -0.0472 0.7431 -0.3175 -0.1128 0.9801 0.1636 -0.0223 -0.7360 -0.1930 0.6488 0.0471
1341836562.8552 0.6639 -0.0488 0.7462 -0.3178 -0.1110 0.9804 0.1629 -0.0222 -0.7395 -0.1910 0.6455 0.0478
1341836562.8914 0.6640 -0.0500 0.7461 -0.3179 -0.1091 0.9806 0.1628 -0.0222 -0.7398 -0.1894 0.6457 0.0479
1341836562.9234 0.6662 -0.0494 0.7441 -0.3173 -0.1116 0.9800 0.1650 -0.0230 -0.7374 -0.1930 0.6473 0.0474
1341836562.9554 0.6630 -0.0483 0.7470 -0.3176 -0.1122 0.9802 0.1629 -0.0227 -0.7402 -0.1918 0.6445 0.0479
1341836562.9915 0.6621 -0.0514 0.7477 -0.3177 -0.1093 0.9803 0.1642 -0.0228 -0.7414 -0.1905 0.6435 0.0482
1341836563.0235 0.6621 -0.0544 0.7475 -0.3174 -0.1092 0.9797 0.1681 -0.0236 -0.7414 -0.1929 0.6427 0.0483
1341836563.0594 0.6608 -0.0539 0.7486 -0.3174 -0.1089 0.9800 0.1667 -0.0234 -0.7426 -0.1917 0.6417 0.0483
1341836563.0915 0.6599 -0.0543 0.7494 -0.3172 -0.1082 0.9801 0.1663 -0.0232 -0.7435 -0.1908 0.6409 0.0484
1341836563.1235 0.6555 -0.0563 0.7531 -0.3172 -0.1055 0.9806 0.1652 -0.0227 -0.7477 -0.1878 0.6369 0.0490
1341836563.1599 0.6524 -0.0591 0.7555 -0.3175 -0.1036 0.9806 0.1661 -0.0229 -0.7507 -0.1867 0.6337 0.0496
1341836563.1923 0.6530 -0.0578 0.7551 -0.3173 -0.1034 0.9809 0.1646 -0.0228 -0.7502 -0.1856 0.6346 0.0496
1341836563.2274 0.6531 -0.0587 0.7550 -0.3171 -0.1035 0.9807 0.1658 -0.0232 -0.7502 -0.1865 0.6344 0.0494
1341836563.2596 0.6502 -0.0601 0.7574 -0.3175 -0.1014 0.9811 0.1649 -0.0230 -0.7530 -0.1840 0.6318 0.0501
1341836563.2918 0.6495 -0.0594 0.7580 -0.3175 -0.1018 0.9812 0.1641 -0.0230 -0.7535 -0.1838 0.6313 0.0506
1341836563.3274 0.6491 -0.0584 0.7584 -0.3175 -0.1024 0.9813 0.1632 -0.0231 -0.7538 -0.1837 0.6310 0.0507
1341836563.3594 0.6471 -0.0553 0.7604 -0.3178 -0.1051 0.9814 0.1609 -0.0230 -0.7551 -0.1840 0.6293 0.0514
1341836563.3957 0.6465 -0.0502 0.7612 -0.3182 -0.1070 0.9820 0.1556 -0.0223 -0.7553 -0.1821 0.6295 0.0518
1341836563.4274 0.6487 -0.0484 0.7595 -0.3177 -0.1083 0.9820 0.1550 -0.0222 -0.7533 -0.1828 0.6318 0.0517
1341836563.4593 0.6463 -0.0486 0.7615 -0.3175 -0.1088 0.9819 0.1550 -0.0222 -0.7553 -0.1830 0.6294 0.0520
1341836563.4954 0.6424 -0.0508 0.7647 -0.3181 -0.1059 0.9824 0.1542 -0.0220 -0.7591 -0.1800 0.6256 0.0526
1341836563.5277 0.6444 -0.0508 0.7630 -0.3178 -0.1051 0.9824 0.1542 -0.0218 -0.7574 -0.1796 0.6277 0.0524
1341836563.5633 0.6449 -0.0484 0.7628 -0.3177 -0.1100 0.9817 0.1554 -0.0225 -0.7563 -0.1841 0.6277 0.0524
1341836563.5953 0.6457 -0.0482 0.7621 -0.3179 -0.1101 0.9817 0.1554 -0.0225 -0.7556 -0.1843 0.6285 0.0522
1341836563.6273 0.6455 -0.0494 0.7622 -0.3180 -0.1086 0.9818 0.1556 -0.0224 -0.7560 -0.1832 0.6284 0.0523
1341836563.6634 0.6465 -0.0508 0.7612 -0.3176 -0.1081 0.9816 0.1574 -0.0227 -0.7552 -0.1840 0.6292 0.0519
1341836563.6954 0.6454 -0.0493 0.7623 -0.3179 -0.1109 0.9813 0.1574 -0.0228 -0.7558 -0.1862 0.6278 0.0522
1341836563.7275 0.6454 -0.0495 0.7623 -0.3181 -0.1114 0.9811 0.1580 -0.0230 -0.7557 -0.1869 0.6277 0.0522
1341836563.7635 0.6459 -0.0525 0.7616 -0.3179 -0.1096 0.9809 0.1605 -0.0232 -0.7555 -0.1871 0.6278 0.0519
1341836563.7954 0.6511 -0.0567 0.7568 -0.3153 -0.1065 0.9805 0.1651 -0.0238 -0.7514 -0.1881 0.6324 0.0509
1341836563.8274 0.6475 -0.0575 0.7599 -0.3161 -0.1056 0.9808 0.1642 -0.0235 -0.7548 -0.1865 0.6289 0.0516
1341836563.8633 0.6481 -0.0592 0.7592 -0.3160 -0.1036 0.9808 0.1650 -0.0235 -0.7545 -0.1856 0.6296 0.0515
1341836563.8953 0.6471 -0.0599 0.7600 -0.3160 -0.1031 0.9809 0.1651 -0.0235 -0.7554 -0.1852 0.6286 0.0515
1341836563.9276 0.6451 -0.0614 0.7616 -0.3165 -0.1027 0.9808 0.1661 -0.0238 -0.7571 -0.1854 0.6264 0.0517
1341836563.9634 0.6436 -0.0659 0.7625 -0.3170 -0.0990 0.9807 0.1683 -0.0243 -0.7589 -0.1839 0.6247 0.0522
1341836563.9954 0.6448 -0.0649 0.7616 -0.3171 -0.0995 0.9808 0.1679 -0.0243 -0.7579 -0.1840 0.6259 0.0521
1341836564.0314 0.6446 -0.0630 0.7619 -0.3171 -0.1016 0.9807 0.1671 -0.0244 -0.7577 -0.1851 0.6258 0.0520
1341836564.0635 0.6430 -0.0640 0.7632 -0.3175 -0.1008 0.9808 0.1672 -0.0244 -0.7592 -0.1845 0.6242 0.0522
1341836564.0954 0.6426 -0.0687 0.7631 -0.3174 -0.0978 0.9805 0.1706 -0.0249 -0.7599 -0.1843 0.6233 0.0521
1341836564.1315 0.6407 -0.0717 0.7644 -0.3173 -0.0973 0.9800 0.1735 -0.0253 -0.7616 -0.1856 0.6209 0.0521
1341836564.1633 0.6385 -0.0730 0.7662 -0.3177 -0.0977 0.9797 0.1748 -0.0257 -0.7634 -0.1865 0.6184 0.0523
1341836564.1953 0.6368 -0.0757 0.7673 -0.3183 -0.0962 0.9796 0.1764 -0.0260 -0.7650 -0.1862 0.6165 0.0526
1341836564.2314 0.6382 -0.0759 0.7661 -0.3182 -0.0960 0.9795 0.1771 -0.0260 -0.7639 -0.1866 0.6178 0.0526
1341836564.2635 0.6373 -0.0766 0.7668 -0.3181 -0.0978 0.9790 0.1791 -0.0266 -0.7644 -0.1891 0.6164 0.0527
1341836564.2954 0.6343 -0.0770 0.7693 -0.3188 -0.0962 0.9794 0.1774 -0.0262 -0.7671 -0.1866 0.6138 0.0533
1341836564.3314 0.6372 -0.0752 0.7670 -0.3185 -0.0972 0.9794 0.1768 -0.0262 -0.7645 -0.1872 0.6168 0.0533
1341836564.3633 0.6385 -0.0715 0.7663 -0.3181 -0.0989 0.9798 0.1738 -0.0257 -0.7632 -0.1868 0.6186 0.0530
1341836564.3963 0.6367 -0.0723 0.7677 -0.3184 -0.0980 0.9799 0.1736 -0.0256 -0.7649 -0.1858 0.6168 0.0531
1341836564.4314 0.6373 -0.0752 0.7670 -0.3181 -0.0947 0.9800 0.1748 -0.0257 -0.7648 -0.1841 0.6174 0.0528
1341836564.4633 0.6380 -0.0767 0.7662 -0.3180 -0.0945 0.9797 0.1767 -0.0260 -0.7642 -0.1852 0.6178 0.0524
1341836564.4992 0.6383 -0.0760 0.7660 -0.3180 -0.0966 0.9793 0.1777 -0.0262 -0.7637 -0.1874 0.6178 0.0524
1341836564.5315 0.6375 -0.0735 0.7669 -0.3183 -0.0992 0.9793 0.1763 -0.0261 -0.7640 -0.1885 0.6170 0.0528
1341836564.5645 0.6383 -0.0737 0.7663 -0.3180 -0.0980 0.9795 0.1759 -0.0259 -0.7636 -0.1873 0.6180 0.0526
1341836564.5992 0.6360 -0.0746 0.7681 -0.3178 -0.0993 0.9791 0.1773 -0.0263 -0.7653 -0.1891 0.6153 0.0527
1341836564.6314 0.6341 -0.0744 0.7697 -0.3184 -0.0999 0.9791 0.1770 -0.0264 -0.7668 -0.1891 0.6134 0.0529
1341836564.6644 0.6359 -0.0732 0.7683 -0.3183 -0.1006 0.9792 0.1765 -0.0261 -0.7652 -0.1895 0.6153 0.0529
1341836564.6992 0.6388 -0.0728 0.7659 -0.3177 -0.1034 0.9783 0.1793 -0.0270 -0.7624 -0.1938 0.6174 0.0520
1341836564.7315 0.6353 -0.0725 0.7688 -0.3184 -0.1036 0.9786 0.1779 -0.0268 -0.7653 -0.1927 0.6142 0.0523
1341836564.7676 0.6345 -0.0747 0.7693 -0.3189 -0.1015 0.9786 0.1787 -0.0268 -0.7662 -0.1915 0.6134 0.0527
1341836564.7993 0.6392 -0.0729 0.7656 -0.3181 -0.1034 0.9783 0.1795 -0.0269 -0.7621 -0.1939 0.6178 0.0521
1341836564.8323 0.6388 -0.0725 0.7659 -0.3181 -0.1048 0.9781 0.1800 -0.0272 -0.7622 -0.1953 0.6172 0.0519
1341836564.8678 0.6378 -0.0733 0.7667 -0.3186 -0.1041 0.9781 0.1800 -0.0271 -0.7631 -0.1946 0.6163 0.0522
1341836564.8993 0.6407 -0.0721 0.7644 -0.3183 -0.1042 0.9782 0.1795 -0.0269 -0.7607 -0.1947 0.6193 0.0517
1341836564.9353 0.6419 -0.0707 0.7635 -0.3181 -0.1071 0.9777 0.1805 -0.0271 -0.7593 -0.1977 0.6200 0.0515
1341836564.9673 0.6424 -0.0672 0.7634 -0.3183 -0.1098 0.9778 0.1784 -0.0267 -0.7585 -0.1984 0.6208 0.0515
1341836564.9995 0.6423 -0.0672 0.7635 -0.3183 -0.1104 0.9777 0.1789 -0.0269 -0.7585 -0.1991 0.6205 0.0517
1341836565.0355 0.6423 -0.0683 0.7634 -0.3181 -0.1083 0.9779 0.1786 -0.0268 -0.7588 -0.1974 0.6207 0.0514
1341836565.0674 0.6425 -0.0678 0.7633 -0.3181 -0.1083 0.9780 0.1780 -0.0266 -0.7586 -0.1971 0.6211 0.0511
